[ 32 291]
[ 32 292]
[ 32 293]
[ 32 294]
[ 32 295]
[ 32 296]
[ 32 297]
[ 32 298]
[ 32 299]
[ 32 300]
[ 32 301]
[ 32 302]
[ 32 303]
[ 32 304]
[ 32 305]
[ 32 306]
[ 32 307]
[ 32 308]
[ 32 309]
[ 32 310]
[ 32 311]
[ 32 312]
[ 32 315]
[ 33 286]
[ 33 287]
[ 33 288]
[ 33 289]
[ 33 290]
[ 33 291]
[ 33 292]
[ 33 294]
[ 33 305]
[ 33 306]
[ 33 307]
[ 33 308]
[ 33 309]
[ 33 310]
[ 33 311]
[ 33 313]
[ 33 314]
[ 33 315]
[ 33 316]
[ 33 317]
[ 33 318]
[ 33 319]
[ 33 320]
[ 33 321]
[ 33 322]
[ 33 323]
[ 33 324]
[ 33 325]
[ 33 326]
[ 33 327]
[ 33 328]
[ 33 329]
[ 33 330]
[ 33 331]
[ 33 332]
[ 33 333]
[ 33 334]
[ 33 335]
[ 33 336]
[ 33 337]
[ 33 338]
[ 33 339]
[ 33 340]
[ 33 341]
[ 33 342]
[ 33 343]
[ 33 344]
[ 33 345]
[ 33 346]
[ 33 347]
[ 33 348]
[ 33 349]
[ 33 350]
[ 33 351]
[ 33 352]
[ 33 353]
[ 33 355]
[ 33 360]
[ 33 361]
[ 33 362]
[ 33 363]
[ 33 364]
[ 33 365]
[ 33 366]
[ 33 367]
[ 33 368]
[ 33 369]
[ 33 370]
[ 33 371]
[ 33 372]
[ 33 373]
[ 33 374]
[ 33 375]
[ 33 407]
[ 33 408]
[ 34 258]
[ 34 259]
[ 34 260]
[ 34 261]
[ 34 262]
[ 34 263]
[ 34 264]
[ 34 265]
[ 34 266]
[ 34 267]
[ 34 268]
[ 34 269]
[ 34 270]
[ 34 271]
[ 34 272]
[ 34 273]
[ 34 274]
[ 34 275]
[ 34 276]
[ 34 277]
[ 34 278]
[ 34 279]
[ 34 280]
[ 34 281]
[ 34 282]
[ 34 283]
[ 34 284]
[ 34 285]
[ 34 286]
[ 34 287]
[ 34 288]
[ 34 317]
[ 34 318]
[ 34 319]
[ 34 320]
[ 34 321]
[ 34 322]
[ 34 323]
[ 34 324]
[ 34 325]
[ 34 326]
[ 34 327]
[ 34 328]
[ 34 329]
[ 34 330]
[ 34 331]
[ 34 332]
[ 34 333]
[ 34 334]
[ 34 335]
[ 34 336]
[ 34 337]
[ 34 338]
[ 34 339]
[ 34 340]
[ 34 341]
[ 34 342]
[ 34 343]
[ 34 344]
[ 34 345]
[ 34 346]
[ 34 347]
[ 34 348]
[ 34 349]
[ 34 350]
[ 34 351]
[ 34 352]
[ 34 353]
[ 34 354]
[ 34 355]
[ 34 356]
[ 34 357]
[ 34 358]
[ 34 359]
[ 34 360]
[ 34 361]
[ 34 362]
[ 34 363]
[ 34 364]
[ 34 365]
[ 34 366]
[ 34 367]
[ 34 368]
[ 34 369]
[ 34 370]
[ 34 371]
[ 34 372]
[ 34 373]
[ 34 374]
[ 34 375]
[ 34 376]
[ 34 377]
[ 34 378]
[ 34 379]
[ 34 380]
[ 34 381]
[ 34 382]
[ 34 383]
[ 34 384]
[ 34 385]
[ 34 386]
[ 34 387]
[ 34 388]
[ 34 389]
[ 34 390]
[ 34 391]
[ 34 392]
[ 34 393]
[ 34 394]
[ 34 395]
[ 34 396]
[ 34 397]
[ 34 398]
[ 34 399]
[ 34 400]
[ 34 401]
[ 34 402]
[ 34 403]
[ 34 404]
[ 34 405]
[ 34 406]
[ 34 407]
[ 34 408]
[ 34 409]
[ 34 410]
[ 34 411]
[ 34 412]
[ 35 244]
[ 35 245]
[ 35 246]
[ 35 247]
[ 35 248]
[ 35 249]
[ 35 250]
[ 35 251]
[ 35 252]
[ 35 253]
[ 35 254]
[ 35 255]
[ 35 256]
[ 35 257]
[ 35 258]
[ 35 259]
[ 35 260]
[ 35 261]
[ 35 262]
[ 35 263]
[ 35 264]
[ 35 265]
[ 35 266]
[ 35 267]
[ 35 268]
[ 35 269]
[ 35 270]
[ 35 271]
[ 35 272]
[ 35 273]
[ 35 274]
[ 35 275]
[ 35 276]
[ 35 277]
[ 35 278]
[ 35 279]
[ 35 280]
[ 35 281]
[ 35 282]
[ 35 283]
[ 35 284]
[ 35 285]
[ 35 286]
[ 35 287]
[ 35 288]
[ 35 289]
[ 35 290]
[ 35 291]
[ 35 292]
[ 35 293]
[ 35 294]
[ 35 295]
[ 35 296]
[ 35 297]
[ 35 298]
[ 35 299]
[ 35 300]
[ 35 301]
[ 35 302]
[ 35 303]
[ 35 304]
[ 35 305]
[ 35 306]
[ 35 307]
[ 35 308]
[ 35 309]
[ 35 310]
[ 35 311]
[ 35 312]
[ 35 313]
[ 35 314]
[ 35 315]
[ 35 316]
[ 35 317]
[ 35 318]
[ 35 319]
[ 35 320]
[ 35 321]
[ 35 322]
[ 35 323]
[ 35 324]
[ 35 325]
[ 35 326]
[ 35 327]
[ 35 328]
[ 35 329]
[ 35 330]
[ 35 331]
[ 35 332]
[ 35 333]
[ 35 334]
[ 35 335]
[ 35 336]
[ 35 337]
[ 35 338]
[ 35 339]
[ 35 340]
[ 35 341]
[ 35 342]
[ 35 343]
[ 35 344]
[ 35 345]
[ 35 346]
[ 35 347]
[ 35 348]
[ 35 349]
[ 35 350]
[ 35 351]
[ 35 352]
[ 35 353]
[ 35 354]
[ 35 355]
[ 35 356]
[ 35 357]
[ 35 358]
[ 35 359]
[ 35 360]
[ 35 361]
[ 35 362]
[ 35 363]
[ 35 364]
[ 35 365]
[ 35 366]
[ 35 367]
[ 35 368]
[ 35 369]
[ 35 370]
[ 35 371]
[ 35 372]
[ 35 373]
[ 35 374]
[ 35 375]
[ 35 376]
[ 35 377]
[ 35 378]
[ 35 379]
[ 35 380]
[ 35 381]
[ 35 382]
[ 35 383]
[ 35 384]
[ 35 385]
[ 35 386]
[ 35 387]
[ 35 388]
[ 35 389]
[ 35 390]
[ 35 391]
[ 35 392]
[ 35 393]
[ 35 394]
[ 35 395]
[ 35 396]
[ 35 397]
[ 35 398]
[ 35 399]
[ 35 400]
[ 35 401]
[ 35 402]
[ 35 403]
[ 35 404]
[ 35 405]
[ 35 406]
[ 35 407]
[ 35 408]
[ 35 409]
[ 35 410]
[ 35 411]
[ 35 412]
[ 35 413]
[ 35 414]
[ 35 415]
[ 35 416]
[ 35 417]
[ 35 418]
[ 35 419]
[ 35 420]
[ 35 421]
[ 35 422]
[ 35 423]
[ 35 424]
[ 35 425]
[ 35 426]
[ 35 427]
[ 35 428]
[ 35 429]
[ 35 430]
[ 35 431]
[ 35 432]
[ 35 433]
[ 35 434]
[ 35 435]
[ 35 436]
[ 35 437]
[ 35 438]
[ 35 439]
[ 35 440]
[ 35 441]
[ 35 442]
[ 35 443]
[ 35 444]
[ 35 445]
[ 35 446]
[ 35 447]
[ 35 448]
[ 35 449]
[ 35 450]
[ 35 451]
[ 35 452]
[ 35 453]
[ 35 454]
[ 35 455]
[ 35 456]
[ 35 457]
[ 35 458]
[ 35 459]
[ 35 460]
[ 35 461]
[ 35 462]
[ 35 463]
[ 35 464]
[ 35 465]
[ 35 466]
[ 35 467]
[ 35 468]
[ 35 469]
[ 35 470]
[ 35 471]
[ 35 472]
[ 35 473]
[ 35 474]
[ 35 475]
[ 35 476]
[ 35 477]
[ 35 478]
[ 35 479]
[ 35 480]
[ 35 481]
[ 35 482]
[ 35 483]
[ 35 484]
[ 35 485]
[ 35 486]
[ 35 487]
[ 35 488]
[ 35 489]
[ 35 490]
[ 35 491]
[ 35 492]
[ 35 493]
[ 35 494]
[ 35 495]
[ 36 247]
[ 36 248]
[ 36 250]
[ 36 251]
[ 36 278]
[ 36 279]
[ 36 280]
[ 36 282]
[ 36 283]
[ 36 284]
[ 36 285]
[ 36 286]
[ 36 287]
[ 36 289]
[ 36 290]
[ 36 291]
[ 36 302]
[ 36 303]
[ 36 304]
[ 36 305]
[ 36 306]
[ 36 307]
[ 36 308]
[ 36 309]
[ 36 310]
[ 36 311]
[ 36 312]
[ 36 313]
[ 36 314]
[ 36 315]
[ 36 316]
[ 36 317]
[ 36 318]
[ 36 319]
[ 36 320]
[ 36 321]
[ 36 322]
[ 36 323]
[ 36 324]
[ 36 325]
[ 36 326]
[ 36 327]
[ 36 328]
[ 36 329]
[ 36 330]
[ 36 331]
[ 36 332]
[ 36 333]
[ 36 334]
[ 36 335]
[ 36 336]
[ 36 337]
[ 36 338]
[ 36 339]
[ 36 340]
[ 36 341]
[ 36 342]
[ 36 343]
[ 36 344]
[ 36 345]
[ 36 346]
[ 36 347]
[ 36 348]
[ 36 349]
[ 36 350]
[ 36 351]
[ 36 352]
[ 36 353]
[ 36 354]
[ 36 355]
[ 36 356]
[ 36 357]
[ 36 358]
[ 36 359]
[ 36 360]
[ 36 361]
[ 36 362]
[ 36 363]
[ 36 364]
[ 36 365]
[ 36 366]
[ 36 367]
[ 36 368]
[ 36 369]
[ 36 370]
[ 36 371]
[ 36 372]
[ 36 373]
[ 36 374]
[ 36 375]
[ 36 376]
[ 36 377]
[ 36 378]
[ 36 379]
[ 36 380]
[ 36 381]
[ 36 382]
[ 36 383]
[ 36 384]
[ 36 385]
[ 36 386]
[ 36 387]
[ 36 388]
[ 36 389]
[ 36 390]
[ 36 391]
[ 36 392]
[ 36 393]
[ 36 394]
[ 36 395]
[ 36 396]
[ 36 397]
[ 36 398]
[ 36 399]
[ 36 400]
[ 36 401]
[ 36 402]
[ 36 403]
[ 36 404]
[ 36 405]
[ 36 406]
[ 36 407]
[ 36 408]
[ 36 409]
[ 36 410]
[ 36 411]
[ 36 412]
[ 36 413]
[ 36 414]
[ 36 415]
[ 36 416]
[ 36 417]
[ 36 418]
[ 36 419]
[ 36 420]
[ 36 421]
[ 36 422]
[ 36 423]
[ 36 424]
[ 36 427]
[ 36 428]
[ 36 429]
[ 36 430]
[ 36 433]
[ 36 434]
[ 36 435]
[ 36 436]
[ 36 437]
[ 36 438]
[ 36 439]
[ 36 440]
[ 36 441]
[ 36 442]
[ 36 443]
[ 36 444]
[ 36 445]
[ 36 446]
[ 36 447]
[ 36 448]
[ 36 449]
[ 36 450]
[ 36 451]
[ 36 452]
[ 36 453]
[ 36 454]
[ 36 455]
[ 36 456]
[ 36 457]
[ 36 458]
[ 36 459]
[ 36 460]
[ 36 461]
[ 36 462]
[ 36 463]
[ 36 464]
[ 36 465]
[ 36 466]
[ 36 467]
[ 36 468]
[ 36 469]
[ 36 470]
[ 36 471]
[ 36 472]
[ 36 473]
[ 36 474]
[ 36 475]
[ 36 476]
[ 36 477]
[ 36 478]
[ 36 479]
[ 36 480]
[ 36 481]
[ 36 482]
[ 36 483]
[ 36 484]
[ 36 485]
[ 36 486]
[ 36 487]
[ 36 488]
[ 36 489]
[ 36 490]
[ 36 491]
[ 36 492]
[ 36 493]
[ 36 494]
[ 36 495]
[ 36 496]
[ 36 497]
[ 36 498]
[ 36 499]
[ 36 500]
[ 36 501]
[ 36 502]
[ 36 503]
[ 37 489]
[ 37 491]
[ 37 492]
[ 37 493]
[ 37 494]
[ 37 495]
[ 37 496]
[ 37 497]
[ 37 498]
[ 37 499]
[ 37 500]
[ 37 501]
[ 37 502]
[ 37 503]
[ 37 504]
[ 37 505]
[ 37 506]
[ 38 235]
[ 38 236]
[ 38 237]
[ 38 238]
[ 38 239]
[ 38 240]
[ 38 241]
[ 38 242]
[ 38 243]
[ 38 244]
[ 38 246]
[ 38 247]
[ 38 248]
[ 38 249]
[ 38 250]
[ 38 251]
[ 38 252]
[ 38 253]
[ 38 254]
[ 38 256]
[ 38 257]
[ 38 258]
[ 38 259]
[ 38 486]
[ 38 487]
[ 38 488]
[ 38 489]
[ 38 490]
[ 38 491]
[ 38 492]
[ 38 493]
[ 38 494]
[ 38 495]
[ 38 496]
[ 38 497]
[ 38 498]
[ 38 499]
[ 38 500]
[ 38 501]
[ 38 502]
[ 38 503]
[ 38 504]
[ 38 505]
[ 38 506]
[ 38 507]
[ 39 243]
[ 39 244]
[ 39 245]
[ 39 506]
[ 39 507]
[ 39 508]
[ 40 506]
[ 40 507]
[ 40 508]
[ 41 506]
[ 41 507]
[ 41 508]
[ 42 506]
[ 42 507]
[ 42 508]
[ 43 506]
[ 43 507]
[ 43 508]
[ 44 506]
[ 44 507]
[ 44 508]
[ 45 506]
[ 45 507]
[ 45 508]
[ 46 506]
[ 46 507]
[ 47 506]
[ 47 507]
[ 48 506]
[ 48 507]
[ 49 506]
[ 49 507]
[ 50 506]
[ 50 507]
[ 51 506]
[ 51 507]
[ 52 506]
[ 52 507]
[ 53 506]
[ 53 507]
[ 54 506]
[ 54 507]
[ 55 506]
[ 55 507]
[ 56 506]
[ 56 507]
[ 57 506]
[ 57 507]
[ 58 506]
[ 58 507]
[ 59 506]
[ 59 507]
[ 60 506]
[ 60 507]
[ 61 506]
[ 61 507]
[ 62 506]
[ 62 507]
[ 63 506]
[ 63 507]
[ 64 506]
[ 64 507]
[ 65 506]
[ 65 507]
[ 66 231]
[ 66 506]
[ 66 507]
[ 67 230]
[ 67 231]
[ 67 506]
[ 67 507]
[ 68 229]
[ 68 230]
[ 68 231]
[ 68 506]
[ 68 507]
[ 69 228]
[ 69 230]
[ 69 506]
[ 69 507]
[ 70 227]
[ 70 228]
[ 70 229]
[ 70 230]
[ 70 506]
[ 70 507]
[ 71 225]
[ 71 226]
[ 71 227]
[ 71 228]
[ 71 506]
[ 71 507]
[ 72 226]
[ 72 230]
[ 72 231]
[ 72 506]
[ 72 507]
[ 73 229]
[ 73 230]
[ 73 231]
[ 73 506]
[ 73 507]
[ 74 229]
[ 74 230]
[ 74 506]
[ 74 507]
[ 75 227]
[ 75 228]
[ 75 506]
[ 75 507]
[ 76 225]
[ 76 226]
[ 76 227]
[ 76 506]
[ 76 507]
[ 77 226]
[ 77 506]
[ 77 507]
[ 78 506]
[ 78 507]
[ 79 506]
[ 79 507]
[ 80 506]
[ 80 507]
[ 81 506]
[ 81 507]
[ 82 506]
[ 82 507]
[ 83 506]
[ 83 507]
[ 84 506]
[ 84 507]
[ 85 506]
[ 85 507]
[ 86 506]
[ 86 507]
[ 87 506]
[ 87 507]
[ 88 506]
[ 88 507]
[ 89 506]
[ 89 507]
[ 90 506]
[ 90 507]
[ 91 506]
[ 91 507]
[ 92 506]
[ 92 507]
[ 93 506]
[ 93 507]
[ 94 506]
[ 94 507]
[ 95 506]
[ 95 507]
[ 96 506]
[ 96 507]
[ 97 505]
[ 97 506]
[ 97 507]
[ 98 505]
[ 98 506]
[ 98 507]
[ 99 505]
[ 99 506]
[ 99 507]
[100 505]
[100 506]
[100 507]
[101 505]
[101 506]
[101 507]
[102 505]
[102 506]
[102 507]
[103 505]
[103 506]
[103 507]
[104 505]
[104 506]
[104 507]
[105 505]
[105 506]
[105 507]
[106 505]
[106 506]
[106 507]
[107 505]
[107 506]
[107 507]
[108 505]
[108 506]
[108 507]
[109 505]
[109 506]
[109 507]
[110 505]
[110 506]
[110 507]
[111 505]
[111 506]
[111 507]
[112 505]
[112 506]
[112 507]
[113 352]
[113 353]
[113 354]
[113 355]
[113 356]
[113 357]
[113 358]
[113 359]
[113 360]
[113 505]
[113 506]
[113 507]
[113 508]
[113 509]
[113 510]
[113 511]
[113 512]
[113 513]
[113 514]
[113 515]
[113 516]
[113 517]
[113 518]
[113 519]
[113 520]
[113 521]
[113 530]
[113 531]
[113 532]
[113 533]
[113 534]
[113 535]
[113 536]
[113 537]
[113 538]
[113 539]
[113 540]
[113 542]
[113 543]
[113 544]
[113 545]
[113 546]
[113 547]
[113 548]
[113 549]
[113 550]
[113 551]
[113 552]
[113 553]
[113 554]
[113 555]
[113 556]
[113 557]
[113 558]
[113 559]
[113 560]
[113 561]
[113 562]
[113 563]
[113 564]
[113 565]
[113 566]
[113 567]
[113 568]
[113 569]
[113 570]
[113 571]
[113 572]
[113 573]
[113 574]
[113 575]
[113 576]
[113 577]
[113 578]
[114 350]
[114 351]
[114 352]
[114 353]
[114 354]
[114 355]
[114 356]
[114 357]
[114 358]
[114 359]
[114 360]
[114 361]
[114 362]
[114 363]
[114 364]
[114 365]
[114 366]
[114 367]
[114 368]
[114 369]
[114 370]
[114 371]
[114 372]
[114 373]
[114 374]
[114 375]
[114 376]
[114 377]
[114 378]
[114 379]
[114 380]
[114 381]
[114 391]
[114 392]
[114 396]
[114 397]
[114 398]
[114 399]
[114 400]
[114 401]
[114 402]
[114 403]
[114 404]
[114 405]
[114 406]
[114 407]
[114 408]
[114 409]
[114 410]
[114 411]
[114 412]
[114 413]
[114 414]
[114 415]
[114 416]
[114 417]
[114 418]
[114 419]
[114 420]
[114 421]
[114 422]
[114 423]
[114 424]
[114 425]
[114 426]
[114 427]
[114 428]
[114 429]
[114 430]
[114 431]
[114 432]
[114 433]
[114 504]
[114 505]
[114 506]
[114 507]
[114 508]
[114 509]
[114 510]
[114 511]
[114 512]
[114 513]
[114 514]
[114 515]
[114 516]
[114 517]
[114 518]
[114 519]
[114 520]
[114 521]
[114 522]
[114 523]
[114 524]
[114 525]
[114 526]
[114 527]
[114 528]
[114 529]
[114 530]
[114 531]
[114 532]
[114 533]
[114 534]
[114 535]
[114 536]
[114 537]
[114 538]
[114 539]
[114 540]
[114 541]
[114 542]
[114 543]
[114 544]
[114 545]
[114 546]
[114 547]
[114 548]
[114 549]
[114 550]
[114 551]
[114 552]
[114 553]
[114 554]
[114 555]
[114 556]
[114 557]
[114 558]
[114 559]
[114 560]
[114 561]
[114 562]
[114 563]
[114 564]
[114 565]
[114 566]
[114 567]
[114 568]
[114 569]
[114 570]
[114 571]
[114 572]
[114 573]
[114 574]
[114 575]
[114 576]
[114 577]
[114 578]
[114 583]
[114 584]
[114 585]
[115 350]
[115 351]
[115 352]
[115 353]
[115 354]
[115 360]
[115 361]
[115 362]
[115 363]
[115 364]
[115 365]
[115 366]
[115 367]
[115 368]
[115 369]
[115 370]
[115 371]
[115 372]
[115 373]
[115 374]
[115 375]
[115 376]
[115 377]
[115 378]
[115 379]
[115 380]
[115 381]
[115 382]
[115 383]
[115 384]
[115 385]
[115 386]
[115 387]
[115 388]
[115 389]
[115 390]
[115 394]
[115 395]
[115 396]
[115 397]
[115 398]
[115 399]
[115 401]
[115 402]
[115 403]
[115 404]
[115 405]
[115 406]
[115 407]
[115 408]
[115 409]
[115 410]
[115 411]
[115 416]
[115 423]
[115 424]
[115 431]
[115 432]
[115 505]
[115 506]
[115 507]
[115 508]
[115 509]
[115 510]
[115 511]
[115 512]
[115 513]
[115 514]
[115 515]
[115 516]
[115 517]
[115 518]
[115 519]
[115 520]
[115 521]
[115 522]
[115 523]
[115 524]
[115 525]
[115 526]
[115 527]
[115 577]
[115 579]
[115 580]
[115 581]
[115 582]
[115 583]
[115 584]
[115 585]
[115 586]
[116 351]
[116 352]
[116 353]
[116 354]
[116 355]
[116 356]
[116 357]
[116 358]
[116 359]
[116 360]
[116 361]
[116 362]
[116 363]
[116 364]
[116 365]
[116 366]
[116 367]
[116 368]
[116 369]
[116 370]
[116 371]
[116 372]
[116 373]
[116 374]
[116 375]
[116 376]
[116 377]
[116 378]
[116 379]
[116 380]
[116 381]
[116 382]
[116 383]
[116 384]
[116 385]
[116 386]
[116 387]
[116 388]
[116 389]
[116 390]
[116 391]
[116 392]
[116 393]
[116 394]
[116 395]
[116 396]
[116 397]
[116 399]
[116 400]
[116 401]
[116 402]
[116 403]
[116 404]
[116 405]
[116 409]
[116 410]
[116 411]
[116 412]
[116 413]
[116 414]
[116 415]
[116 416]
[116 417]
[116 418]
[116 419]
[116 420]
[116 421]
[116 422]
[116 423]
[116 424]
[116 425]
[116 426]
[116 427]
[116 428]
[116 429]
[116 430]
[116 431]
[116 432]
[116 433]
[116 506]
[116 507]
[116 508]
[116 509]
[116 510]
[116 511]
[116 512]
[116 514]
[116 515]
[116 516]
[116 518]
[116 520]
[116 522]
[116 523]
[116 579]
[116 581]
[116 585]
[116 586]
[116 587]
[117 351]
[117 352]
[117 353]
[117 354]
[117 355]
[117 356]
[117 357]
[117 358]
[117 359]
[117 360]
[117 361]
[117 362]
[117 363]
[117 364]
[117 365]
[117 366]
[117 367]
[117 368]
[117 369]
[117 370]
[117 371]
[117 372]
[117 373]
[117 374]
[117 375]
[117 376]
[117 377]
[117 378]
[117 379]
[117 380]
[117 381]
[117 382]
[117 383]
[117 384]
[117 385]
[117 386]
[117 387]
[117 388]
[117 389]
[117 390]
[117 391]
[117 392]
[117 393]
[117 394]
[117 395]
[117 396]
[117 397]
[117 398]
[117 399]
[117 400]
[117 401]
[117 402]
[117 403]
[117 404]
[117 405]
[117 406]
[117 407]
[117 408]
[117 409]
[117 410]
[117 411]
[117 412]
[117 413]
[117 422]
[117 426]
[117 427]
[117 428]
[117 429]
[117 430]
[117 431]
[117 432]
[117 433]
[117 585]
[117 586]
[117 587]
[118 350]
[118 352]
[118 353]
[118 431]
[118 432]
[118 433]
[118 585]
[118 586]
[119 350]
[119 352]
[119 353]
[119 431]
[119 432]
[119 433]
[119 585]
[119 586]
[119 587]
[120 350]
[120 352]
[120 353]
[120 424]
[120 425]
[120 426]
[120 427]
[120 431]
[120 432]
[120 433]
[120 575]
[120 576]
[120 577]
[120 578]
[120 579]
[120 580]
[120 585]
[120 587]
[121 350]
[121 352]
[121 353]
[121 357]
[121 358]
[121 359]
[121 416]
[121 417]
[121 418]
[121 419]
[121 420]
[121 421]
[121 422]
[121 423]
[121 424]
[121 425]
[121 426]
[121 427]
[121 428]
[121 429]
[121 431]
[121 432]
[121 433]
[121 575]
[121 576]
[121 577]
[121 578]
[121 579]
[121 580]
[121 585]
[121 587]
[122 350]
[122 352]
[122 353]
[122 356]
[122 357]
[122 369]
[122 370]
[122 371]
[122 372]
[122 373]
[122 374]
[122 375]
[122 376]
[122 377]
[122 378]
[122 379]
[122 380]
[122 381]
[122 382]
[122 383]
[122 384]
[122 385]
[122 386]
[122 387]
[122 388]
[122 389]
[122 390]
[122 391]
[122 392]
[122 393]
[122 394]
[122 395]
[122 396]
[122 397]
[122 398]
[122 399]
[122 400]
[122 401]
[122 402]
[122 403]
[122 404]
[122 405]
[122 406]
[122 407]
[122 408]
[122 409]
[122 410]
[122 411]
[122 412]
[122 413]
[122 414]
[122 415]
[122 416]
[122 417]
[122 418]
[122 419]
[122 420]
[122 421]
[122 422]
[122 423]
[122 424]
[122 425]
[122 426]
[122 427]
[122 428]
[122 429]
[122 430]
[122 431]
[122 432]
[122 433]
[122 575]
[122 576]
[122 577]
[122 578]
[122 579]
[122 580]
[122 585]
[122 587]
[123 350]
[123 352]
[123 353]
[123 356]
[123 357]
[123 358]
[123 359]
[123 360]
[123 361]
[123 362]
[123 363]
[123 364]
[123 365]
[123 366]
[123 367]
[123 368]
[123 369]
[123 370]
[123 371]
[123 372]
[123 373]
[123 374]
[123 375]
[123 376]
[123 377]
[123 378]
[123 379]
[123 380]
[123 381]
[123 382]
[123 383]
[123 384]
[123 385]
[123 386]
[123 387]
[123 388]
[123 389]
[123 390]
[123 391]
[123 392]
[123 393]
[123 394]
[123 395]
[123 396]
[123 397]
[123 398]
[123 399]
[123 400]
[123 401]
[123 402]
[123 403]
[123 404]
[123 405]
[123 406]
[123 407]
[123 408]
[123 409]
[123 410]
[123 411]
[123 412]
[123 413]
[123 414]
[123 415]
[123 416]
[123 417]
[123 418]
[123 419]
[123 420]
[123 421]
[123 422]
[123 423]
[123 424]
[123 425]
[123 426]
[123 427]
[123 428]
[123 429]
[123 430]
[123 431]
[123 432]
[123 575]
[123 576]
[123 577]
[123 578]
[123 579]
[123 580]
[123 585]
[123 586]
[123 587]
[124 350]
[124 352]
[124 353]
[124 354]
[124 355]
[124 356]
[124 357]
[124 358]
[124 359]
[124 360]
[124 361]
[124 362]
[124 363]
[124 364]
[124 365]
[124 390]
[124 391]
[124 392]
[124 430]
[124 575]
[124 576]
[124 577]
[124 578]
[124 579]
[124 580]
[124 585]
[124 586]
[124 587]
[125 350]
[125 352]
[125 353]
[125 355]
[125 356]
[125 585]
[125 586]
[125 587]
[126 350]
[126 352]
[126 353]
[126 354]
[126 355]
[126 585]
[126 586]
[126 587]
[127 352]
[127 353]
[127 354]
[127 355]
[127 585]
[127 586]
[127 587]
[128 351]
[128 352]
[128 353]
[128 354]
[128 355]
[128 585]
[128 586]
[128 587]
[129 351]
[129 352]
[129 353]
[129 354]
[129 355]
[129 585]
[129 586]
[129 587]
[130 351]
[130 352]
[130 353]
[130 354]
[130 355]
[130 585]
[130 586]
[130 587]
[131 351]
[131 352]
[131 353]
[131 354]
[131 355]
[131 585]
[131 586]
[131 587]
[132 351]
[132 352]
[132 353]
[132 354]
[132 355]
[132 585]
[132 586]
[132 587]
[133 351]
[133 352]
[133 353]
[133 354]
[133 355]
[133 585]
[133 586]
[134 351]
[134 352]
[134 353]
[134 354]
[134 355]
[134 585]
[134 586]
[134 587]
[135 351]
[135 352]
[135 353]
[135 354]
[135 355]
[135 585]
[135 586]
[135 587]
[136 351]
[136 352]
[136 353]
[136 354]
[136 355]
[136 585]
[136 586]
[136 587]
[137 351]
[137 352]
[137 353]
[137 354]
[137 355]
[137 585]
[137 586]
[137 587]
[138 352]
[138 353]
[138 354]
[138 355]
[138 585]
[138 586]
[138 587]
[139 352]
[139 353]
[139 354]
[139 355]
[139 585]
[139 586]
[139 587]
[140 351]
[140 352]
[140 353]
[140 354]
[140 355]
[140 585]
[140 586]
[140 587]
[141 351]
[141 352]
[141 353]
[141 354]
[141 355]
[141 585]
[141 586]
[141 587]
[142 351]
[142 352]
[142 353]
[142 354]
[142 355]
[142 585]
[142 586]
[142 587]
[143 351]
[143 352]
[143 353]
[143 354]
[143 355]
[143 586]
[143 587]
[144 351]
[144 352]
[144 353]
[144 354]
[144 355]
[144 586]
[144 587]
[145 351]
[145 352]
[145 353]
[145 354]
[145 355]
[145 586]
[145 587]
[146 351]
[146 352]
[146 353]
[146 354]
[146 355]
[146 586]
[146 587]
[147 351]
[147 352]
[147 353]
[147 354]
[147 355]
[147 586]
[147 587]
[148 351]
[148 352]
[148 353]
[148 354]
[148 355]
[148 586]
[148 587]
[148 588]
[149 352]
[149 353]
[149 354]
[149 355]
[149 356]
[149 586]
[149 587]
[149 588]
[150 352]
[150 353]
[150 354]
[150 355]
[150 356]
[150 586]
[150 588]
[151 352]
[151 353]
[151 354]
[151 355]
[151 356]
[151 586]
[151 587]
[151 588]
[152 352]
[152 353]
[152 354]
[152 355]
[152 356]
[152 586]
[152 587]
[152 588]
[153 352]
[153 353]
[153 354]
[153 355]
[153 356]
[153 586]
[153 588]
[154 352]
[154 353]
[154 354]
[154 355]
[154 356]
[154 586]
[154 588]
[155 352]
[155 353]
[155 354]
[155 355]
[155 356]
[155 586]
[155 588]
[156 352]
[156 353]
[156 354]
[156 355]
[156 356]
[156 586]
[156 588]
[157 352]
[157 353]
[157 354]
[157 355]
[157 356]
[157 586]
[157 588]
[158 352]
[158 353]
[158 354]
[158 355]
[158 356]
[158 366]
[158 367]
[158 368]
[158 505]
[158 506]
[158 507]
[158 508]
[158 509]
[158 510]
[158 511]
[158 512]
[158 513]
[158 514]
[158 515]
[158 516]
[158 517]
[158 518]
[158 519]
[158 586]
[158 588]
[159 352]
[159 353]
[159 354]
[159 355]
[159 356]
[159 357]
[159 358]
[159 359]
[159 360]
[159 361]
[159 362]
[159 363]
[159 364]
[159 365]
[159 366]
[159 367]
[159 368]
[159 369]
[159 370]
[159 371]
[159 372]
[159 373]
[159 374]
[159 375]
[159 376]
[159 377]
[159 378]
[159 379]
[159 380]
[159 381]
[159 382]
[159 383]
[159 384]
[159 505]
[159 506]
[159 507]
[159 508]
[159 509]
[159 510]
[159 511]
[159 512]
[159 513]
[159 514]
[159 515]
[159 516]
[159 517]
[159 518]
[159 519]
[159 586]
[159 588]
[160 352]
[160 353]
[160 354]
[160 355]
[160 356]
[160 357]
[160 358]
[160 359]
[160 360]
[160 361]
[160 362]
[160 363]
[160 364]
[160 365]
[160 366]
[160 367]
[160 368]
[160 369]
[160 370]
[160 371]
[160 372]
[160 373]
[160 374]
[160 375]
[160 376]
[160 377]
[160 378]
[160 379]
[160 380]
[160 381]
[160 382]
[160 383]
[160 384]
[160 505]
[160 506]
[160 507]
[160 508]
[160 509]
[160 510]
[160 511]
[160 512]
[160 513]
[160 514]
[160 515]
[160 516]
[160 517]
[160 518]
[160 519]
[160 586]
[160 588]
[161 352]
[161 353]
[161 354]
[161 355]
[161 356]
[161 357]
[161 358]
[161 359]
[161 360]
[161 361]
[161 362]
[161 363]
[161 364]
[161 365]
[161 366]
[161 367]
[161 368]
[161 369]
[161 370]
[161 371]
[161 372]
[161 373]
[161 374]
[161 375]
[161 376]
[161 377]
[161 378]
[161 379]
[161 380]
[161 381]
[161 382]
[161 383]
[161 384]
[161 505]
[161 506]
[161 507]
[161 508]
[161 509]
[161 510]
[161 511]
[161 512]
[161 513]
[161 514]
[161 515]
[161 516]
[161 517]
[161 518]
[161 519]
[161 586]
[161 588]
[162 352]
[162 353]
[162 354]
[162 355]
[162 356]
[162 357]
[162 358]
[162 359]
[162 360]
[162 361]
[162 362]
[162 363]
[162 364]
[162 365]
[162 366]
[162 367]
[162 368]
[162 369]
[162 370]
[162 371]
[162 372]
[162 373]
[162 374]
[162 375]
[162 376]
[162 377]
[162 378]
[162 379]
[162 380]
[162 381]
[162 382]
[162 383]
[162 384]
[162 449]
[162 450]
[162 451]
[162 452]
[162 453]
[162 454]
[162 455]
[162 456]
[162 457]
[162 458]
[162 505]
[162 506]
[162 507]
[162 508]
[162 509]
[162 510]
[162 511]
[162 512]
[162 513]
[162 514]
[162 515]
[162 516]
[162 517]
[162 518]
[162 519]
[162 586]
[162 588]
[163 352]
[163 353]
[163 354]
[163 355]
[163 356]
[163 357]
[163 358]
[163 359]
[163 360]
[163 361]
[163 362]
[163 363]
[163 364]
[163 365]
[163 366]
[163 367]
[163 368]
[163 369]
[163 370]
[163 371]
[163 372]
[163 373]
[163 374]
[163 375]
[163 376]
[163 377]
[163 378]
[163 379]
[163 380]
[163 381]
[163 382]
[163 383]
[163 384]
[163 447]
[163 448]
[163 449]
[163 450]
[163 451]
[163 452]
[163 453]
[163 454]
[163 455]
[163 456]
[163 457]
[163 458]
[163 505]
[163 506]
[163 507]
[163 508]
[163 509]
[163 510]
[163 511]
[163 512]
[163 513]
[163 514]
[163 515]
[163 516]
[163 517]
[163 518]
[163 519]
[163 586]
[163 588]
[164 352]
[164 353]
[164 354]
[164 355]
[164 356]
[164 357]
[164 358]
[164 359]
[164 360]
[164 361]
[164 362]
[164 363]
[164 364]
[164 365]
[164 366]
[164 367]
[164 368]
[164 369]
[164 370]
[164 371]
[164 372]
[164 373]
[164 374]
[164 375]
[164 376]
[164 377]
[164 378]
[164 379]
[164 380]
[164 381]
[164 382]
[164 383]
[164 384]
[164 444]
[164 445]
[164 446]
[164 447]
[164 448]
[164 449]
[164 450]
[164 451]
[164 452]
[164 453]
[164 454]
[164 455]
[164 456]
[164 457]
[164 458]
[164 505]
[164 506]
[164 507]
[164 508]
[164 509]
[164 510]
[164 511]
[164 512]
[164 513]
[164 514]
[164 515]
[164 516]
[164 517]
[164 518]
[164 519]
[164 586]
[164 588]
[165 352]
[165 353]
[165 354]
[165 355]
[165 356]
[165 357]
[165 358]
[165 359]
[165 360]
[165 361]
[165 362]
[165 363]
[165 364]
[165 365]
[165 366]
[165 367]
[165 368]
[165 369]
[165 370]
[165 371]
[165 372]
[165 373]
[165 374]
[165 375]
[165 376]
[165 377]
[165 378]
[165 379]
[165 380]
[165 381]
[165 382]
[165 383]
[165 384]
[165 442]
[165 443]
[165 444]
[165 445]
[165 446]
[165 447]
[165 448]
[165 449]
[165 450]
[165 451]
[165 452]
[165 453]
[165 454]
[165 455]
[165 456]
[165 457]
[165 458]
[165 505]
[165 506]
[165 507]
[165 508]
[165 509]
[165 510]
[165 511]
[165 512]
[165 513]
[165 514]
[165 515]
[165 516]
[165 517]
[165 518]
[165 519]
[165 586]
[165 588]
[166 352]
[166 353]
[166 354]
[166 355]
[166 356]
[166 357]
[166 358]
[166 359]
[166 360]
[166 361]
[166 362]
[166 363]
[166 364]
[166 365]
[166 366]
[166 367]
[166 368]
[166 369]
[166 370]
[166 371]
[166 372]
[166 373]
[166 374]
[166 375]
[166 376]
[166 377]
[166 378]
[166 379]
[166 380]
[166 381]
[166 382]
[166 383]
[166 384]
[166 385]
[166 439]
[166 440]
[166 441]
[166 442]
[166 443]
[166 444]
[166 445]
[166 446]
[166 447]
[166 448]
[166 449]
[166 450]
[166 451]
[166 452]
[166 453]
[166 454]
[166 455]
[166 456]
[166 457]
[166 458]
[166 505]
[166 506]
[166 507]
[166 508]
[166 509]
[166 510]
[166 511]
[166 512]
[166 513]
[166 514]
[166 515]
[166 516]
[166 517]
[166 518]
[166 519]
[166 586]
[166 588]
[167 352]
[167 353]
[167 354]
[167 355]
[167 356]
[167 357]
[167 358]
[167 359]
[167 360]
[167 361]
[167 362]
[167 363]
[167 364]
[167 365]
[167 366]
[167 367]
[167 368]
[167 369]
[167 370]
[167 371]
[167 372]
[167 373]
[167 374]
[167 375]
[167 376]
[167 377]
[167 378]
[167 379]
[167 380]
[167 381]
[167 382]
[167 383]
[167 384]
[167 385]
[167 436]
[167 437]
[167 438]
[167 439]
[167 440]
[167 441]
[167 442]
[167 443]
[167 444]
[167 445]
[167 446]
[167 447]
[167 448]
[167 449]
[167 450]
[167 451]
[167 452]
[167 453]
[167 454]
[167 455]
[167 456]
[167 457]
[167 458]
[167 505]
[167 506]
[167 507]
[167 508]
[167 509]
[167 510]
[167 511]
[167 512]
[167 513]
[167 514]
[167 515]
[167 516]
[167 517]
[167 518]
[167 519]
[167 586]
[167 588]
[168 352]
[168 353]
[168 354]
[168 355]
[168 356]
[168 374]
[168 375]
[168 376]
[168 377]
[168 378]
[168 379]
[168 380]
[168 381]
[168 382]
[168 383]
[168 384]
[168 385]
[168 434]
[168 435]
[168 436]
[168 437]
[168 438]
[168 439]
[168 440]
[168 441]
[168 442]
[168 443]
[168 444]
[168 445]
[168 446]
[168 447]
[168 448]
[168 449]
[168 450]
[168 451]
[168 452]
[168 453]
[168 454]
[168 455]
[168 456]
[168 457]
[168 458]
[168 505]
[168 506]
[168 507]
[168 508]
[168 509]
[168 510]
[168 511]
[168 512]
[168 513]
[168 514]
[168 515]
[168 516]
[168 517]
[168 518]
[168 519]
[168 586]
[168 587]
[168 588]
[169 352]
[169 353]
[169 354]
[169 355]
[169 356]
[169 432]
[169 433]
[169 434]
[169 435]
[169 436]
[169 437]
[169 438]
[169 439]
[169 440]
[169 441]
[169 442]
[169 443]
[169 444]
[169 445]
[169 446]
[169 447]
[169 448]
[169 449]
[169 450]
[169 451]
[169 452]
[169 453]
[169 454]
[169 455]
[169 456]
[169 457]
[169 458]
[169 505]
[169 506]
[169 507]
[169 508]
[169 509]
[169 510]
[169 511]
[169 512]
[169 513]
[169 514]
[169 515]
[169 516]
[169 517]
[169 518]
[169 519]
[169 586]
[169 587]
[169 588]
[170 352]
[170 353]
[170 354]
[170 355]
[170 356]
[170 429]
[170 430]
[170 431]
[170 432]
[170 433]
[170 434]
[170 435]
[170 436]
[170 437]
[170 438]
[170 439]
[170 440]
[170 441]
[170 442]
[170 443]
[170 444]
[170 445]
[170 446]
[170 447]
[170 448]
[170 449]
[170 450]
[170 451]
[170 452]
[170 453]
[170 454]
[170 455]
[170 456]
[170 457]
[170 458]
[170 505]
[170 506]
[170 507]
[170 508]
[170 509]
[170 510]
[170 511]
[170 512]
[170 513]
[170 514]
[170 515]
[170 516]
[170 517]
[170 518]
[170 519]
[170 586]
[170 587]
[170 588]
[171 352]
[171 353]
[171 354]
[171 355]
[171 356]
[171 427]
[171 428]
[171 429]
[171 430]
[171 431]
[171 432]
[171 433]
[171 434]
[171 435]
[171 436]
[171 437]
[171 438]
[171 439]
[171 440]
[171 441]
[171 442]
[171 443]
[171 444]
[171 445]
[171 446]
[171 447]
[171 448]
[171 449]
[171 450]
[171 451]
[171 452]
[171 453]
[171 454]
[171 455]
[171 456]
[171 457]
[171 458]
[171 505]
[171 506]
[171 507]
[171 508]
[171 509]
[171 510]
[171 511]
[171 512]
[171 513]
[171 514]
[171 515]
[171 516]
[171 517]
[171 518]
[171 519]
[171 586]
[171 587]
[172 352]
[172 353]
[172 354]
[172 355]
[172 356]
[172 423]
[172 424]
[172 425]
[172 426]
[172 427]
[172 428]
[172 429]
[172 430]
[172 431]
[172 432]
[172 433]
[172 434]
[172 435]
[172 436]
[172 437]
[172 438]
[172 439]
[172 440]
[172 441]
[172 442]
[172 443]
[172 444]
[172 445]
[172 446]
[172 447]
[172 448]
[172 449]
[172 450]
[172 451]
[172 452]
[172 453]
[172 454]
[172 455]
[172 456]
[172 457]
[172 505]
[172 506]
[172 507]
[172 508]
[172 509]
[172 510]
[172 511]
[172 512]
[172 513]
[172 514]
[172 515]
[172 516]
[172 517]
[172 518]
[172 519]
[172 586]
[172 587]
[173 352]
[173 353]
[173 354]
[173 355]
[173 356]
[173 422]
[173 423]
[173 424]
[173 425]
[173 426]
[173 427]
[173 428]
[173 429]
[173 430]
[173 431]
[173 432]
[173 433]
[173 434]
[173 435]
[173 436]
[173 437]
[173 438]
[173 439]
[173 440]
[173 441]
[173 442]
[173 443]
[173 444]
[173 445]
[173 446]
[173 447]
[173 448]
[173 449]
[173 450]
[173 451]
[173 452]
[173 453]
[173 454]
[173 455]
[173 586]
[173 587]
[174 352]
[174 353]
[174 354]
[174 355]
[174 356]
[174 357]
[174 419]
[174 420]
[174 421]
[174 422]
[174 423]
[174 424]
[174 425]
[174 426]
[174 427]
[174 428]
[174 429]
[174 430]
[174 431]
[174 432]
[174 433]
[174 434]
[174 435]
[174 436]
[174 437]
[174 438]
[174 439]
[174 440]
[174 441]
[174 442]
[174 443]
[174 444]
[174 445]
[174 446]
[174 447]
[174 448]
[174 449]
[174 450]
[174 451]
[174 452]
[174 586]
[174 587]
[175 352]
[175 353]
[175 354]
[175 355]
[175 356]
[175 357]
[175 417]
[175 418]
[175 419]
[175 420]
[175 421]
[175 422]
[175 423]
[175 424]
[175 425]
[175 426]
[175 427]
[175 428]
[175 429]
[175 430]
[175 431]
[175 432]
[175 433]
[175 434]
[175 435]
[175 436]
[175 437]
[175 438]
[175 439]
[175 440]
[175 441]
[175 442]
[175 443]
[175 444]
[175 445]
[175 446]
[175 447]
[175 448]
[175 449]
[175 450]
[175 451]
[175 586]
[175 587]
[176 352]
[176 353]
[176 354]
[176 355]
[176 356]
[176 357]
[176 413]
[176 414]
[176 415]
[176 416]
[176 417]
[176 418]
[176 419]
[176 420]
[176 421]
[176 422]
[176 423]
[176 424]
[176 425]
[176 426]
[176 427]
[176 428]
[176 429]
[176 430]
[176 431]
[176 432]
[176 433]
[176 434]
[176 435]
[176 436]
[176 437]
[176 438]
[176 439]
[176 440]
[176 441]
[176 442]
[176 443]
[176 444]
[176 445]
[176 446]
[176 447]
[176 448]
[176 586]
[176 587]
[177 352]
[177 353]
[177 354]
[177 355]
[177 356]
[177 357]
[177 411]
[177 412]
[177 413]
[177 414]
[177 415]
[177 416]
[177 417]
[177 418]
[177 419]
[177 420]
[177 421]
[177 422]
[177 423]
[177 424]
[177 425]
[177 426]
[177 427]
[177 428]
[177 429]
[177 430]
[177 431]
[177 432]
[177 433]
[177 434]
[177 435]
[177 436]
[177 437]
[177 438]
[177 439]
[177 440]
[177 441]
[177 442]
[177 443]
[177 444]
[177 445]
[177 586]
[177 587]
[178 352]
[178 353]
[178 354]
[178 355]
[178 356]
[178 357]
[178 410]
[178 411]
[178 412]
[178 413]
[178 414]
[178 415]
[178 416]
[178 417]
[178 418]
[178 419]
[178 420]
[178 421]
[178 422]
[178 423]
[178 424]
[178 425]
[178 426]
[178 427]
[178 428]
[178 429]
[178 430]
[178 431]
[178 432]
[178 433]
[178 434]
[178 435]
[178 436]
[178 437]
[178 438]
[178 439]
[178 440]
[178 441]
[178 586]
[178 587]
[179 352]
[179 353]
[179 354]
[179 355]
[179 356]
[179 357]
[179 407]
[179 408]
[179 409]
[179 410]
[179 411]
[179 412]
[179 413]
[179 414]
[179 415]
[179 416]
[179 417]
[179 418]
[179 419]
[179 420]
[179 421]
[179 422]
[179 423]
[179 424]
[179 425]
[179 426]
[179 427]
[179 428]
[179 429]
[179 430]
[179 431]
[179 432]
[179 433]
[179 434]
[179 435]
[179 436]
[179 437]
[179 438]
[179 439]
[179 586]
[179 587]
[180 352]
[180 353]
[180 354]
[180 355]
[180 356]
[180 357]
[180 404]
[180 405]
[180 406]
[180 407]
[180 408]
[180 409]
[180 410]
[180 411]
[180 412]
[180 413]
[180 414]
[180 415]
[180 416]
[180 417]
[180 418]
[180 419]
[180 420]
[180 421]
[180 422]
[180 423]
[180 424]
[180 425]
[180 426]
[180 427]
[180 428]
[180 429]
[180 430]
[180 431]
[180 432]
[180 433]
[180 434]
[180 435]
[180 436]
[180 586]
[180 587]
[181 352]
[181 353]
[181 354]
[181 355]
[181 356]
[181 357]
[181 402]
[181 403]
[181 404]
[181 405]
[181 406]
[181 407]
[181 408]
[181 409]
[181 410]
[181 411]
[181 412]
[181 413]
[181 414]
[181 415]
[181 416]
[181 417]
[181 418]
[181 419]
[181 420]
[181 421]
[181 422]
[181 423]
[181 424]
[181 425]
[181 426]
[181 427]
[181 428]
[181 429]
[181 430]
[181 431]
[181 432]
[181 433]
[181 586]
[181 587]
[182 352]
[182 353]
[182 354]
[182 355]
[182 356]
[182 357]
[182 399]
[182 400]
[182 401]
[182 402]
[182 403]
[182 404]
[182 405]
[182 406]
[182 407]
[182 408]
[182 409]
[182 410]
[182 411]
[182 412]
[182 413]
[182 414]
[182 415]
[182 416]
[182 417]
[182 418]
[182 419]
[182 420]
[182 421]
[182 422]
[182 423]
[182 424]
[182 425]
[182 426]
[182 427]
[182 428]
[182 429]
[182 430]
[182 431]
[182 432]
[182 586]
[182 587]
[183 352]
[183 353]
[183 354]
[183 355]
[183 356]
[183 357]
[183 396]
[183 397]
[183 398]
[183 399]
[183 400]
[183 401]
[183 402]
[183 403]
[183 404]
[183 405]
[183 406]
[183 407]
[183 408]
[183 409]
[183 410]
[183 411]
[183 412]
[183 413]
[183 414]
[183 415]
[183 416]
[183 417]
[183 418]
[183 419]
[183 420]
[183 421]
[183 422]
[183 423]
[183 424]
[183 425]
[183 426]
[183 427]
[183 428]
[183 429]
[183 430]
[183 431]
[183 586]
[183 587]
[184 352]
[184 353]
[184 354]
[184 355]
[184 356]
[184 357]
[184 393]
[184 394]
[184 395]
[184 396]
[184 397]
[184 398]
[184 399]
[184 400]
[184 401]
[184 402]
[184 403]
[184 404]
[184 405]
[184 406]
[184 407]
[184 408]
[184 409]
[184 410]
[184 411]
[184 412]
[184 413]
[184 414]
[184 415]
[184 416]
[184 417]
[184 418]
[184 419]
[184 420]
[184 421]
[184 422]
[184 423]
[184 424]
[184 425]
[184 426]
[184 586]
[184 587]
[185 352]
[185 353]
[185 354]
[185 355]
[185 356]
[185 357]
[185 391]
[185 392]
[185 393]
[185 394]
[185 395]
[185 396]
[185 397]
[185 398]
[185 399]
[185 400]
[185 401]
[185 402]
[185 403]
[185 404]
[185 405]
[185 406]
[185 407]
[185 408]
[185 409]
[185 410]
[185 411]
[185 412]
[185 413]
[185 414]
[185 415]
[185 416]
[185 417]
[185 418]
[185 419]
[185 420]
[185 421]
[185 422]
[185 423]
[185 424]
[185 425]
[185 586]
[185 587]
[186 352]
[186 353]
[186 354]
[186 355]
[186 356]
[186 357]
[186 384]
[186 385]
[186 386]
[186 387]
[186 388]
[186 389]
[186 390]
[186 391]
[186 392]
[186 393]
[186 394]
[186 395]
[186 396]
[186 397]
[186 398]
[186 399]
[186 400]
[186 401]
[186 402]
[186 403]
[186 404]
[186 405]
[186 406]
[186 407]
[186 408]
[186 409]
[186 410]
[186 411]
[186 412]
[186 413]
[186 414]
[186 415]
[186 416]
[186 417]
[186 418]
[186 419]
[186 420]
[186 421]
[186 586]
[186 587]
[187 352]
[187 353]
[187 354]
[187 355]
[187 356]
[187 357]
[187 380]
[187 381]
[187 382]
[187 383]
[187 384]
[187 385]
[187 386]
[187 387]
[187 388]
[187 389]
[187 390]
[187 391]
[187 392]
[187 393]
[187 394]
[187 395]
[187 396]
[187 397]
[187 398]
[187 399]
[187 400]
[187 401]
[187 402]
[187 403]
[187 404]
[187 405]
[187 406]
[187 407]
[187 408]
[187 409]
[187 410]
[187 411]
[187 412]
[187 413]
[187 414]
[187 415]
[187 416]
[187 417]
[187 418]
[187 586]
[187 587]
[188 352]
[188 353]
[188 354]
[188 355]
[188 356]
[188 357]
[188 380]
[188 381]
[188 382]
[188 383]
[188 384]
[188 385]
[188 386]
[188 387]
[188 388]
[188 389]
[188 390]
[188 391]
[188 392]
[188 393]
[188 394]
[188 395]
[188 396]
[188 397]
[188 398]
[188 399]
[188 400]
[188 401]
[188 402]
[188 403]
[188 404]
[188 405]
[188 406]
[188 407]
[188 408]
[188 409]
[188 410]
[188 411]
[188 412]
[188 413]
[188 414]
[188 415]
[188 416]
[188 586]
[188 587]
[188 588]
[189 352]
[189 353]
[189 354]
[189 355]
[189 356]
[189 357]
[189 380]
[189 381]
[189 382]
[189 383]
[189 384]
[189 385]
[189 386]
[189 387]
[189 388]
[189 389]
[189 390]
[189 391]
[189 392]
[189 393]
[189 394]
[189 395]
[189 396]
[189 397]
[189 398]
[189 399]
[189 400]
[189 401]
[189 402]
[189 403]
[189 404]
[189 405]
[189 406]
[189 407]
[189 408]
[189 409]
[189 410]
[189 411]
[189 412]
[189 586]
[189 587]
[189 588]
[190 352]
[190 353]
[190 354]
[190 355]
[190 356]
[190 357]
[190 380]
[190 381]
[190 382]
[190 383]
[190 384]
[190 385]
[190 386]
[190 387]
[190 388]
[190 389]
[190 390]
[190 391]
[190 392]
[190 393]
[190 394]
[190 395]
[190 396]
[190 397]
[190 398]
[190 399]
[190 400]
[190 401]
[190 402]
[190 403]
[190 404]
[190 405]
[190 406]
[190 407]
[190 408]
[190 409]
[190 410]
[190 586]
[190 587]
[190 588]
[191 352]
[191 353]
[191 354]
[191 355]
[191 356]
[191 357]
[191 380]
[191 381]
[191 382]
[191 383]
[191 384]
[191 385]
[191 386]
[191 387]
[191 388]
[191 389]
[191 390]
[191 391]
[191 392]
[191 393]
[191 394]
[191 395]
[191 396]
[191 397]
[191 398]
[191 399]
[191 400]
[191 401]
[191 402]
[191 403]
[191 404]
[191 405]
[191 406]
[191 407]
[191 586]
[191 587]
[191 588]
[192 352]
[192 353]
[192 354]
[192 355]
[192 356]
[192 357]
[192 380]
[192 381]
[192 382]
[192 383]
[192 384]
[192 385]
[192 386]
[192 387]
[192 388]
[192 389]
[192 390]
[192 391]
[192 392]
[192 393]
[192 394]
[192 395]
[192 396]
[192 397]
[192 398]
[192 399]
[192 400]
[192 401]
[192 402]
[192 403]
[192 586]
[192 587]
[192 588]
[193 352]
[193 353]
[193 354]
[193 355]
[193 356]
[193 357]
[193 380]
[193 381]
[193 382]
[193 383]
[193 384]
[193 385]
[193 386]
[193 387]
[193 388]
[193 389]
[193 390]
[193 391]
[193 392]
[193 393]
[193 394]
[193 395]
[193 396]
[193 397]
[193 398]
[193 399]
[193 400]
[193 401]
[193 586]
[193 587]
[193 588]
[194 352]
[194 353]
[194 354]
[194 355]
[194 356]
[194 357]
[194 380]
[194 381]
[194 382]
[194 383]
[194 384]
[194 385]
[194 386]
[194 387]
[194 388]
[194 389]
[194 390]
[194 391]
[194 392]
[194 393]
[194 394]
[194 395]
[194 396]
[194 397]
[194 398]
[194 586]
[194 587]
[194 588]
[195 352]
[195 353]
[195 354]
[195 355]
[195 356]
[195 357]
[195 380]
[195 381]
[195 382]
[195 383]
[195 384]
[195 385]
[195 386]
[195 387]
[195 388]
[195 389]
[195 390]
[195 391]
[195 392]
[195 393]
[195 394]
[195 586]
[195 587]
[195 588]
[196 352]
[196 353]
[196 354]
[196 355]
[196 356]
[196 357]
[196 380]
[196 381]
[196 382]
[196 383]
[196 384]
[196 385]
[196 386]
[196 387]
[196 388]
[196 389]
[196 390]
[196 391]
[196 392]
[196 586]
[196 587]
[196 588]
[197 352]
[197 353]
[197 354]
[197 355]
[197 356]
[197 357]
[197 380]
[197 381]
[197 382]
[197 383]
[197 384]
[197 385]
[197 386]
[197 387]
[197 388]
[197 389]
[197 586]
[197 587]
[197 588]
[198 352]
[198 353]
[198 354]
[198 355]
[198 356]
[198 357]
[198 586]
[198 587]
[198 588]
[199 352]
[199 353]
[199 354]
[199 355]
[199 356]
[199 357]
[199 586]
[199 587]
[199 588]
[200 352]
[200 353]
[200 354]
[200 355]
[200 356]
[200 357]
[200 586]
[200 587]
[200 588]
[201 352]
[201 353]
[201 354]
[201 355]
[201 356]
[201 357]
[201 586]
[201 587]
[201 588]
[202 352]
[202 353]
[202 354]
[202 355]
[202 356]
[202 357]
[202 586]
[202 587]
[202 588]
[203 352]
[203 353]
[203 354]
[203 355]
[203 356]
[203 357]
[203 586]
[203 587]
[203 588]
[204 352]
[204 353]
[204 354]
[204 355]
[204 356]
[204 357]
[204 586]
[204 587]
[204 588]
[205 352]
[205 353]
[205 354]
[205 355]
[205 356]
[205 357]
[205 358]
[205 586]
[205 587]
[205 588]
[206 352]
[206 353]
[206 354]
[206 355]
[206 356]
[206 357]
[206 358]
[206 586]
[206 587]
[206 588]
[207 352]
[207 353]
[207 354]
[207 355]
[207 356]
[207 357]
[207 358]
[207 586]
[207 587]
[207 588]
[208 352]
[208 353]
[208 354]
[208 355]
[208 356]
[208 357]
[208 358]
[208 586]
[208 587]
[208 588]
[209 352]
[209 353]
[209 354]
[209 355]
[209 356]
[209 357]
[209 358]
[209 586]
[209 587]
[209 588]
[210 352]
[210 353]
[210 354]
[210 355]
[210 356]
[210 357]
[210 358]
[210 586]
[210 587]
[210 588]
[211 352]
[211 353]
[211 354]
[211 355]
[211 356]
[211 357]
[211 358]
[211 586]
[211 587]
[211 588]
[212 352]
[212 353]
[212 354]
[212 355]
[212 356]
[212 357]
[212 358]
[212 586]
[212 587]
[212 588]
[213 352]
[213 353]
[213 354]
[213 355]
[213 356]
[213 357]
[213 358]
[213 586]
[213 587]
[213 588]
[214 352]
[214 353]
[214 354]
[214 355]
[214 356]
[214 357]
[214 358]
[214 586]
[214 587]
[214 588]
[215 352]
[215 353]
[215 354]
[215 355]
[215 356]
[215 357]
[215 586]
[215 587]
[215 588]
[216 352]
[216 353]
[216 354]
[216 355]
[216 356]
[216 357]
[216 586]
[216 587]
[216 588]
[217 352]
[217 353]
[217 354]
[217 355]
[217 356]
[217 586]
[217 587]
[217 588]
[218 352]
[218 353]
[218 354]
[218 355]
[218 356]
[218 586]
[218 587]
[218 588]
[218 589]
[219 352]
[219 353]
[219 354]
[219 355]
[219 356]
[219 586]
[219 587]
[219 588]
[219 589]
[220 352]
[220 353]
[220 354]
[220 355]
[220 356]
[220 586]
[220 587]
[220 588]
[220 589]
[221 352]
[221 353]
[221 354]
[221 355]
[221 356]
[221 586]
[221 587]
[221 588]
[221 589]
[222 352]
[222 353]
[222 354]
[222 355]
[222 356]
[222 586]
[222 587]
[222 588]
[222 589]
[223 352]
[223 353]
[223 354]
[223 355]
[223 356]
[223 586]
[223 587]
[223 588]
[223 589]
[224 352]
[224 353]
[224 354]
[224 355]
[224 356]
[224 397]
[224 398]
[224 399]
[224 400]
[224 401]
[224 402]
[224 403]
[224 404]
[224 405]
[224 406]
[224 407]
[224 408]
[224 409]
[224 410]
[224 411]
[224 412]
[224 413]
[224 414]
[224 415]
[224 416]
[224 417]
[224 418]
[224 419]
[224 420]
[224 421]
[224 422]
[224 423]
[224 424]
[224 425]
[224 426]
[224 427]
[224 428]
[224 429]
[224 430]
[224 431]
[224 432]
[224 433]
[224 434]
[224 435]
[224 436]
[224 437]
[224 438]
[224 439]
[224 440]
[224 441]
[224 442]
[224 443]
[224 444]
[224 445]
[224 446]
[224 447]
[224 448]
[224 449]
[224 450]
[224 451]
[224 452]
[224 453]
[224 454]
[224 455]
[224 456]
[224 457]
[224 458]
[224 459]
[224 460]
[224 461]
[224 462]
[224 463]
[224 464]
[224 465]
[224 466]
[224 467]
[224 468]
[224 469]
[224 470]
[224 471]
[224 472]
[224 473]
[224 474]
[224 475]
[224 476]
[224 477]
[224 478]
[224 479]
[224 480]
[224 481]
[224 482]
[224 483]
[224 484]
[224 485]
[224 486]
[224 487]
[224 488]
[224 489]
[224 490]
[224 491]
[224 492]
[224 493]
[224 494]
[224 495]
[224 496]
[224 497]
[224 498]
[224 499]
[224 500]
[224 501]
[224 502]
[224 503]
[224 504]
[224 505]
[224 506]
[224 507]
[224 508]
[224 509]
[224 510]
[224 511]
[224 512]
[224 513]
[224 514]
[224 515]
[224 516]
[224 517]
[224 518]
[224 519]
[224 520]
[224 521]
[224 522]
[224 523]
[224 524]
[224 525]
[224 526]
[224 527]
[224 528]
[224 529]
[224 530]
[224 531]
[224 532]
[224 533]
[224 534]
[224 535]
[224 536]
[224 537]
[224 538]
[224 539]
[224 540]
[224 541]
[224 542]
[224 543]
[224 544]
[224 545]
[224 546]
[224 547]
[224 548]
[224 549]
[224 550]
[224 551]
[224 552]
[224 586]
[224 587]
[224 588]
[224 589]
[225 352]
[225 353]
[225 354]
[225 355]
[225 356]
[225 397]
[225 398]
[225 399]
[225 400]
[225 401]
[225 402]
[225 403]
[225 404]
[225 405]
[225 406]
[225 407]
[225 408]
[225 409]
[225 410]
[225 411]
[225 412]
[225 413]
[225 414]
[225 415]
[225 416]
[225 417]
[225 418]
[225 419]
[225 420]
[225 421]
[225 422]
[225 423]
[225 424]
[225 425]
[225 426]
[225 427]
[225 428]
[225 429]
[225 430]
[225 431]
[225 432]
[225 433]
[225 434]
[225 435]
[225 436]
[225 437]
[225 438]
[225 439]
[225 440]
[225 441]
[225 442]
[225 443]
[225 444]
[225 445]
[225 446]
[225 447]
[225 448]
[225 449]
[225 450]
[225 451]
[225 452]
[225 453]
[225 454]
[225 455]
[225 456]
[225 457]
[225 458]
[225 459]
[225 460]
[225 461]
[225 462]
[225 463]
[225 464]
[225 465]
[225 466]
[225 467]
[225 468]
[225 469]
[225 470]
[225 471]
[225 472]
[225 473]
[225 474]
[225 475]
[225 476]
[225 477]
[225 478]
[225 479]
[225 480]
[225 481]
[225 482]
[225 483]
[225 484]
[225 485]
[225 486]
[225 487]
[225 488]
[225 489]
[225 490]
[225 491]
[225 492]
[225 493]
[225 494]
[225 495]
[225 496]
[225 497]
[225 498]
[225 499]
[225 500]
[225 501]
[225 502]
[225 503]
[225 504]
[225 505]
[225 506]
[225 507]
[225 508]
[225 509]
[225 510]
[225 511]
[225 512]
[225 513]
[225 514]
[225 515]
[225 516]
[225 517]
[225 518]
[225 519]
[225 520]
[225 521]
[225 522]
[225 523]
[225 524]
[225 525]
[225 526]
[225 527]
[225 528]
[225 529]
[225 530]
[225 531]
[225 532]
[225 533]
[225 534]
[225 535]
[225 536]
[225 537]
[225 538]
[225 539]
[225 540]
[225 541]
[225 542]
[225 543]
[225 544]
[225 545]
[225 546]
[225 547]
[225 548]
[225 549]
[225 550]
[225 551]
[225 552]
[225 586]
[225 587]
[225 588]
[225 589]
[226 352]
[226 353]
[226 354]
[226 355]
[226 356]
[226 397]
[226 398]
[226 399]
[226 400]
[226 401]
[226 402]
[226 403]
[226 404]
[226 405]
[226 406]
[226 407]
[226 408]
[226 409]
[226 410]
[226 411]
[226 412]
[226 413]
[226 414]
[226 415]
[226 416]
[226 417]
[226 418]
[226 419]
[226 420]
[226 421]
[226 422]
[226 423]
[226 424]
[226 425]
[226 426]
[226 427]
[226 428]
[226 429]
[226 430]
[226 431]
[226 432]
[226 433]
[226 434]
[226 435]
[226 436]
[226 437]
[226 438]
[226 439]
[226 440]
[226 441]
[226 442]
[226 443]
[226 444]
[226 445]
[226 446]
[226 447]
[226 448]
[226 449]
[226 450]
[226 451]
[226 452]
[226 453]
[226 454]
[226 455]
[226 456]
[226 457]
[226 458]
[226 459]
[226 460]
[226 461]
[226 462]
[226 463]
[226 464]
[226 465]
[226 466]
[226 467]
[226 468]
[226 469]
[226 470]
[226 471]
[226 472]
[226 473]
[226 474]
[226 475]
[226 476]
[226 477]
[226 478]
[226 479]
[226 480]
[226 481]
[226 482]
[226 483]
[226 484]
[226 485]
[226 486]
[226 487]
[226 488]
[226 489]
[226 490]
[226 491]
[226 492]
[226 493]
[226 494]
[226 495]
[226 496]
[226 497]
[226 498]
[226 499]
[226 500]
[226 501]
[226 502]
[226 503]
[226 504]
[226 505]
[226 506]
[226 507]
[226 508]
[226 509]
[226 510]
[226 511]
[226 512]
[226 513]
[226 514]
[226 515]
[226 516]
[226 517]
[226 518]
[226 519]
[226 520]
[226 521]
[226 522]
[226 523]
[226 524]
[226 525]
[226 526]
[226 527]
[226 528]
[226 529]
[226 530]
[226 531]
[226 532]
[226 533]
[226 534]
[226 535]
[226 536]
[226 537]
[226 538]
[226 539]
[226 540]
[226 541]
[226 542]
[226 543]
[226 544]
[226 545]
[226 546]
[226 547]
[226 548]
[226 549]
[226 550]
[226 551]
[226 552]
[226 586]
[226 587]
[226 588]
[226 589]
[227 352]
[227 353]
[227 354]
[227 355]
[227 356]
[227 397]
[227 398]
[227 399]
[227 400]
[227 401]
[227 402]
[227 403]
[227 404]
[227 405]
[227 406]
[227 407]
[227 408]
[227 409]
[227 410]
[227 411]
[227 412]
[227 413]
[227 414]
[227 415]
[227 416]
[227 417]
[227 418]
[227 419]
[227 420]
[227 421]
[227 422]
[227 423]
[227 424]
[227 425]
[227 426]
[227 427]
[227 428]
[227 429]
[227 430]
[227 431]
[227 432]
[227 433]
[227 434]
[227 435]
[227 436]
[227 437]
[227 438]
[227 439]
[227 440]
[227 441]
[227 442]
[227 443]
[227 444]
[227 445]
[227 446]
[227 447]
[227 448]
[227 449]
[227 450]
[227 451]
[227 452]
[227 453]
[227 454]
[227 455]
[227 456]
[227 457]
[227 458]
[227 459]
[227 460]
[227 461]
[227 462]
[227 463]
[227 464]
[227 465]
[227 466]
[227 467]
[227 468]
[227 469]
[227 470]
[227 471]
[227 472]
[227 473]
[227 474]
[227 475]
[227 476]
[227 477]
[227 478]
[227 479]
[227 480]
[227 481]
[227 482]
[227 483]
[227 484]
[227 485]
[227 486]
[227 487]
[227 488]
[227 489]
[227 490]
[227 491]
[227 492]
[227 493]
[227 494]
[227 495]
[227 496]
[227 497]
[227 498]
[227 499]
[227 500]
[227 501]
[227 502]
[227 503]
[227 504]
[227 505]
[227 506]
[227 507]
[227 508]
[227 509]
[227 510]
[227 511]
[227 512]
[227 513]
[227 514]
[227 515]
[227 516]
[227 517]
[227 518]
[227 519]
[227 520]
[227 521]
[227 522]
[227 523]
[227 524]
[227 525]
[227 526]
[227 527]
[227 528]
[227 529]
[227 530]
[227 531]
[227 532]
[227 533]
[227 534]
[227 535]
[227 536]
[227 537]
[227 538]
[227 539]
[227 540]
[227 541]
[227 542]
[227 543]
[227 544]
[227 545]
[227 546]
[227 547]
[227 548]
[227 549]
[227 550]
[227 551]
[227 552]
[227 586]
[227 587]
[227 588]
[227 589]
[228 352]
[228 353]
[228 354]
[228 355]
[228 356]
[228 397]
[228 398]
[228 399]
[228 400]
[228 401]
[228 402]
[228 403]
[228 404]
[228 405]
[228 406]
[228 407]
[228 408]
[228 409]
[228 410]
[228 411]
[228 412]
[228 413]
[228 414]
[228 415]
[228 416]
[228 417]
[228 418]
[228 419]
[228 420]
[228 421]
[228 422]
[228 423]
[228 424]
[228 425]
[228 426]
[228 427]
[228 428]
[228 429]
[228 430]
[228 431]
[228 432]
[228 433]
[228 434]
[228 435]
[228 436]
[228 437]
[228 438]
[228 439]
[228 440]
[228 441]
[228 442]
[228 443]
[228 444]
[228 445]
[228 446]
[228 447]
[228 448]
[228 449]
[228 450]
[228 451]
[228 452]
[228 453]
[228 454]
[228 455]
[228 456]
[228 457]
[228 458]
[228 459]
[228 460]
[228 461]
[228 462]
[228 463]
[228 464]
[228 465]
[228 466]
[228 467]
[228 468]
[228 469]
[228 470]
[228 471]
[228 472]
[228 473]
[228 474]
[228 475]
[228 476]
[228 477]
[228 478]
[228 479]
[228 480]
[228 481]
[228 482]
[228 483]
[228 484]
[228 485]
[228 486]
[228 487]
[228 488]
[228 489]
[228 490]
[228 491]
[228 492]
[228 493]
[228 494]
[228 495]
[228 496]
[228 497]
[228 498]
[228 499]
[228 500]
[228 501]
[228 502]
[228 503]
[228 504]
[228 505]
[228 506]
[228 507]
[228 508]
[228 509]
[228 510]
[228 511]
[228 512]
[228 513]
[228 514]
[228 515]
[228 516]
[228 517]
[228 518]
[228 519]
[228 520]
[228 521]
[228 522]
[228 523]
[228 524]
[228 525]
[228 526]
[228 527]
[228 528]
[228 529]
[228 530]
[228 531]
[228 532]
[228 533]
[228 534]
[228 535]
[228 536]
[228 537]
[228 538]
[228 539]
[228 540]
[228 541]
[228 542]
[228 543]
[228 544]
[228 545]
[228 546]
[228 547]
[228 548]
[228 549]
[228 550]
[228 551]
[228 552]
[228 586]
[228 587]
[228 588]
[228 589]
[229 352]
[229 353]
[229 354]
[229 355]
[229 356]
[229 397]
[229 398]
[229 399]
[229 400]
[229 401]
[229 402]
[229 403]
[229 404]
[229 405]
[229 406]
[229 407]
[229 408]
[229 409]
[229 410]
[229 411]
[229 412]
[229 413]
[229 414]
[229 415]
[229 416]
[229 417]
[229 418]
[229 419]
[229 420]
[229 421]
[229 422]
[229 423]
[229 424]
[229 425]
[229 426]
[229 427]
[229 428]
[229 429]
[229 430]
[229 431]
[229 432]
[229 433]
[229 434]
[229 435]
[229 436]
[229 437]
[229 438]
[229 439]
[229 440]
[229 441]
[229 442]
[229 443]
[229 444]
[229 445]
[229 446]
[229 447]
[229 448]
[229 449]
[229 450]
[229 451]
[229 452]
[229 453]
[229 454]
[229 455]
[229 456]
[229 457]
[229 458]
[229 459]
[229 460]
[229 461]
[229 462]
[229 463]
[229 464]
[229 465]
[229 466]
[229 467]
[229 468]
[229 469]
[229 470]
[229 471]
[229 472]
[229 473]
[229 474]
[229 475]
[229 476]
[229 477]
[229 478]
[229 479]
[229 480]
[229 481]
[229 482]
[229 483]
[229 484]
[229 485]
[229 486]
[229 487]
[229 488]
[229 489]
[229 490]
[229 491]
[229 492]
[229 493]
[229 494]
[229 495]
[229 496]
[229 497]
[229 498]
[229 499]
[229 500]
[229 501]
[229 502]
[229 503]
[229 504]
[229 505]
[229 506]
[229 507]
[229 508]
[229 509]
[229 510]
[229 511]
[229 512]
[229 513]
[229 514]
[229 515]
[229 516]
[229 517]
[229 518]
[229 519]
[229 520]
[229 521]
[229 522]
[229 523]
[229 524]
[229 525]
[229 526]
[229 527]
[229 528]
[229 529]
[229 530]
[229 531]
[229 532]
[229 533]
[229 534]
[229 535]
[229 536]
[229 537]
[229 538]
[229 539]
[229 540]
[229 541]
[229 542]
[229 543]
[229 544]
[229 545]
[229 546]
[229 547]
[229 548]
[229 549]
[229 550]
[229 551]
[229 552]
[229 586]
[229 587]
[229 588]
[229 589]
[230 352]
[230 353]
[230 354]
[230 355]
[230 356]
[230 397]
[230 398]
[230 399]
[230 400]
[230 401]
[230 402]
[230 403]
[230 404]
[230 405]
[230 406]
[230 407]
[230 408]
[230 409]
[230 410]
[230 411]
[230 412]
[230 413]
[230 414]
[230 415]
[230 416]
[230 417]
[230 418]
[230 419]
[230 420]
[230 421]
[230 422]
[230 423]
[230 424]
[230 425]
[230 426]
[230 427]
[230 428]
[230 429]
[230 430]
[230 431]
[230 432]
[230 433]
[230 434]
[230 435]
[230 436]
[230 437]
[230 438]
[230 439]
[230 440]
[230 441]
[230 442]
[230 443]
[230 444]
[230 445]
[230 446]
[230 447]
[230 448]
[230 449]
[230 450]
[230 451]
[230 452]
[230 453]
[230 454]
[230 455]
[230 456]
[230 457]
[230 458]
[230 459]
[230 460]
[230 461]
[230 462]
[230 463]
[230 464]
[230 465]
[230 466]
[230 467]
[230 468]
[230 469]
[230 470]
[230 471]
[230 472]
[230 473]
[230 474]
[230 475]
[230 476]
[230 477]
[230 478]
[230 479]
[230 480]
[230 481]
[230 482]
[230 483]
[230 484]
[230 485]
[230 486]
[230 487]
[230 488]
[230 489]
[230 490]
[230 491]
[230 492]
[230 493]
[230 494]
[230 495]
[230 496]
[230 497]
[230 498]
[230 499]
[230 500]
[230 501]
[230 502]
[230 503]
[230 504]
[230 505]
[230 506]
[230 507]
[230 508]
[230 509]
[230 510]
[230 511]
[230 512]
[230 513]
[230 514]
[230 515]
[230 516]
[230 517]
[230 518]
[230 519]
[230 520]
[230 521]
[230 522]
[230 523]
[230 524]
[230 525]
[230 526]
[230 527]
[230 528]
[230 529]
[230 530]
[230 531]
[230 532]
[230 533]
[230 534]
[230 535]
[230 536]
[230 537]
[230 538]
[230 539]
[230 540]
[230 541]
[230 542]
[230 543]
[230 544]
[230 545]
[230 546]
[230 547]
[230 548]
[230 549]
[230 550]
[230 551]
[230 552]
[230 586]
[230 587]
[230 588]
[230 589]
[231 352]
[231 353]
[231 354]
[231 355]
[231 356]
[231 397]
[231 398]
[231 399]
[231 400]
[231 401]
[231 402]
[231 403]
[231 404]
[231 405]
[231 406]
[231 407]
[231 408]
[231 409]
[231 410]
[231 411]
[231 412]
[231 413]
[231 414]
[231 415]
[231 416]
[231 417]
[231 418]
[231 419]
[231 420]
[231 421]
[231 422]
[231 423]
[231 424]
[231 425]
[231 426]
[231 427]
[231 428]
[231 429]
[231 430]
[231 431]
[231 432]
[231 433]
[231 434]
[231 435]
[231 436]
[231 437]
[231 438]
[231 439]
[231 440]
[231 441]
[231 442]
[231 443]
[231 444]
[231 445]
[231 446]
[231 447]
[231 448]
[231 449]
[231 450]
[231 451]
[231 452]
[231 453]
[231 454]
[231 455]
[231 456]
[231 457]
[231 458]
[231 459]
[231 460]
[231 461]
[231 462]
[231 463]
[231 464]
[231 465]
[231 466]
[231 467]
[231 468]
[231 469]
[231 470]
[231 471]
[231 472]
[231 473]
[231 474]
[231 475]
[231 476]
[231 477]
[231 478]
[231 479]
[231 480]
[231 481]
[231 482]
[231 483]
[231 484]
[231 485]
[231 486]
[231 487]
[231 488]
[231 489]
[231 490]
[231 491]
[231 492]
[231 493]
[231 494]
[231 495]
[231 496]
[231 497]
[231 498]
[231 499]
[231 500]
[231 501]
[231 502]
[231 503]
[231 504]
[231 505]
[231 506]
[231 507]
[231 508]
[231 509]
[231 510]
[231 511]
[231 512]
[231 513]
[231 514]
[231 515]
[231 516]
[231 517]
[231 518]
[231 519]
[231 520]
[231 521]
[231 522]
[231 523]
[231 524]
[231 525]
[231 526]
[231 527]
[231 528]
[231 529]
[231 530]
[231 531]
[231 532]
[231 533]
[231 534]
[231 535]
[231 536]
[231 537]
[231 538]
[231 539]
[231 540]
[231 541]
[231 542]
[231 543]
[231 544]
[231 545]
[231 546]
[231 547]
[231 548]
[231 549]
[231 550]
[231 551]
[231 552]
[231 586]
[231 587]
[231 588]
[231 589]
[232 352]
[232 353]
[232 354]
[232 355]
[232 356]
[232 586]
[232 588]
[232 589]
[233 352]
[233 353]
[233 354]
[233 355]
[233 356]
[233 586]
[233 587]
[233 588]
[233 589]
[234 352]
[234 353]
[234 354]
[234 355]
[234 356]
[234 586]
[234 587]
[234 588]
[234 589]
[235 352]
[235 353]
[235 354]
[235 355]
[235 356]
[235 586]
[235 587]
[235 588]
[235 589]
[236 352]
[236 353]
[236 354]
[236 355]
[236 356]
[236 586]
[236 587]
[236 588]
[236 589]
[237 352]
[237 354]
[237 355]
[237 356]
[237 586]
[237 587]
[237 588]
[237 589]
[238 352]
[238 354]
[238 355]
[238 356]
[238 586]
[238 587]
[238 588]
[238 589]
[239 352]
[239 354]
[239 355]
[239 356]
[239 586]
[239 587]
[239 588]
[239 589]
[240 352]
[240 354]
[240 355]
[240 356]
[240 586]
[240 587]
[240 588]
[240 589]
[241 352]
[241 354]
[241 355]
[241 356]
[241 586]
[241 587]
[241 588]
[242 352]
[242 354]
[242 355]
[242 356]
[242 586]
[242 587]
[242 588]
[243 352]
[243 354]
[243 355]
[243 356]
[243 586]
[243 587]
[243 588]
[244 352]
[244 354]
[244 355]
[244 356]
[244 586]
[244 587]
[244 588]
[245 352]
[245 354]
[245 355]
[245 356]
[245 586]
[245 587]
[245 588]
[246 352]
[246 354]
[246 355]
[246 356]
[246 587]
[246 588]
[247 352]
[247 353]
[247 354]
[247 355]
[247 356]
[247 587]
[247 588]
[248 352]
[248 353]
[248 354]
[248 355]
[248 356]
[248 587]
[248 588]
[249 352]
[249 353]
[249 354]
[249 355]
[249 356]
[249 358]
[249 587]
[249 588]
[250 352]
[250 353]
[250 354]
[250 355]
[250 356]
[250 358]
[250 587]
[250 588]
[251 352]
[251 353]
[251 354]
[251 355]
[251 356]
[251 587]
[251 588]
[252 352]
[252 353]
[252 354]
[252 355]
[252 356]
[252 358]
[252 587]
[252 588]
[253 352]
[253 353]
[253 354]
[253 355]
[253 356]
[253 587]
[253 588]
[254 352]
[254 353]
[254 354]
[254 355]
[254 356]
[254 358]
[254 587]
[254 588]
[255 352]
[255 353]
[255 354]
[255 355]
[255 356]
[255 358]
[255 587]
[255 588]
[256 352]
[256 353]
[256 354]
[256 355]
[256 356]
[256 358]
[256 587]
[256 588]
[257 352]
[257 353]
[257 354]
[257 355]
[257 356]
[257 358]
[257 504]
[257 505]
[257 506]
[257 507]
[257 508]
[257 509]
[257 510]
[257 511]
[257 512]
[257 513]
[257 514]
[257 515]
[257 516]
[257 517]
[257 518]
[257 587]
[257 588]
[258 352]
[258 353]
[258 354]
[258 355]
[258 356]
[258 358]
[258 504]
[258 505]
[258 506]
[258 507]
[258 508]
[258 509]
[258 510]
[258 511]
[258 512]
[258 513]
[258 514]
[258 515]
[258 516]
[258 517]
[258 518]
[258 587]
[258 588]
[259 352]
[259 353]
[259 354]
[259 355]
[259 356]
[259 358]
[259 504]
[259 505]
[259 506]
[259 507]
[259 508]
[259 509]
[259 510]
[259 511]
[259 512]
[259 513]
[259 514]
[259 515]
[259 516]
[259 517]
[259 518]
[259 587]
[259 588]
[260 352]
[260 353]
[260 354]
[260 355]
[260 356]
[260 357]
[260 358]
[260 504]
[260 505]
[260 506]
[260 507]
[260 508]
[260 509]
[260 510]
[260 511]
[260 512]
[260 513]
[260 514]
[260 515]
[260 516]
[260 517]
[260 518]
[260 587]
[260 588]
[261 352]
[261 353]
[261 354]
[261 355]
[261 356]
[261 357]
[261 358]
[261 504]
[261 505]
[261 506]
[261 507]
[261 508]
[261 509]
[261 510]
[261 511]
[261 512]
[261 513]
[261 514]
[261 515]
[261 516]
[261 517]
[261 518]
[261 587]
[261 588]
[262 352]
[262 353]
[262 354]
[262 355]
[262 356]
[262 357]
[262 358]
[262 504]
[262 505]
[262 506]
[262 507]
[262 508]
[262 509]
[262 510]
[262 511]
[262 512]
[262 513]
[262 514]
[262 515]
[262 516]
[262 517]
[262 518]
[262 587]
[262 588]
[263 352]
[263 353]
[263 354]
[263 355]
[263 356]
[263 357]
[263 358]
[263 504]
[263 505]
[263 506]
[263 507]
[263 508]
[263 509]
[263 510]
[263 511]
[263 512]
[263 513]
[263 514]
[263 515]
[263 516]
[263 517]
[263 518]
[263 587]
[263 588]
[264 352]
[264 353]
[264 354]
[264 355]
[264 356]
[264 357]
[264 358]
[264 504]
[264 505]
[264 506]
[264 507]
[264 508]
[264 509]
[264 510]
[264 511]
[264 512]
[264 513]
[264 514]
[264 515]
[264 516]
[264 517]
[264 518]
[264 587]
[264 588]
[265 352]
[265 353]
[265 354]
[265 355]
[265 356]
[265 358]
[265 504]
[265 505]
[265 506]
[265 507]
[265 508]
[265 509]
[265 510]
[265 511]
[265 512]
[265 513]
[265 514]
[265 515]
[265 516]
[265 517]
[265 518]
[265 586]
[265 587]
[265 588]
[266 353]
[266 354]
[266 355]
[266 356]
[266 358]
[266 504]
[266 505]
[266 506]
[266 507]
[266 508]
[266 509]
[266 510]
[266 511]
[266 512]
[266 513]
[266 514]
[266 515]
[266 516]
[266 517]
[266 518]
[266 586]
[266 587]
[266 588]
[267 353]
[267 354]
[267 355]
[267 356]
[267 358]
[267 504]
[267 505]
[267 506]
[267 507]
[267 508]
[267 509]
[267 510]
[267 511]
[267 512]
[267 513]
[267 514]
[267 515]
[267 516]
[267 517]
[267 518]
[267 587]
[267 588]
[268 353]
[268 354]
[268 355]
[268 356]
[268 358]
[268 504]
[268 505]
[268 506]
[268 507]
[268 508]
[268 509]
[268 510]
[268 511]
[268 512]
[268 513]
[268 514]
[268 515]
[268 516]
[268 517]
[268 518]
[268 587]
[268 588]
[269 236]
[269 353]
[269 354]
[269 355]
[269 356]
[269 358]
[269 472]
[269 473]
[269 474]
[269 475]
[269 476]
[269 477]
[269 478]
[269 479]
[269 480]
[269 481]
[269 482]
[269 504]
[269 505]
[269 506]
[269 507]
[269 508]
[269 509]
[269 510]
[269 511]
[269 512]
[269 513]
[269 514]
[269 515]
[269 516]
[269 517]
[269 518]
[269 587]
[269 588]
[270 231]
[270 236]
[270 238]
[270 353]
[270 354]
[270 355]
[270 356]
[270 358]
[270 472]
[270 473]
[270 474]
[270 475]
[270 476]
[270 477]
[270 478]
[270 479]
[270 480]
[270 481]
[270 482]
[270 504]
[270 505]
[270 506]
[270 507]
[270 508]
[270 509]
[270 510]
[270 511]
[270 512]
[270 513]
[270 514]
[270 515]
[270 516]
[270 517]
[270 518]
[270 587]
[270 588]
[271 229]
[271 230]
[271 231]
[271 235]
[271 236]
[271 353]
[271 354]
[271 355]
[271 356]
[271 358]
[271 472]
[271 473]
[271 474]
[271 475]
[271 476]
[271 477]
[271 478]
[271 479]
[271 480]
[271 481]
[271 482]
[271 504]
[271 505]
[271 506]
[271 507]
[271 508]
[271 509]
[271 510]
[271 511]
[271 512]
[271 513]
[271 514]
[271 515]
[271 516]
[271 517]
[271 518]
[271 587]
[271 588]
[272 229]
[272 230]
[272 231]
[272 234]
[272 235]
[272 236]
[272 353]
[272 354]
[272 355]
[272 356]
[272 358]
[272 472]
[272 473]
[272 474]
[272 475]
[272 476]
[272 477]
[272 478]
[272 479]
[272 480]
[272 481]
[272 482]
[272 587]
[272 588]
[273 228]
[273 229]
[273 230]
[273 231]
[273 234]
[273 235]
[273 236]
[273 239]
[273 353]
[273 354]
[273 355]
[273 356]
[273 358]
[273 472]
[273 473]
[273 474]
[273 475]
[273 476]
[273 477]
[273 478]
[273 479]
[273 480]
[273 481]
[273 482]
[273 587]
[273 588]
[274 228]
[274 229]
[274 231]
[274 234]
[274 235]
[274 353]
[274 354]
[274 355]
[274 356]
[274 358]
[274 472]
[274 473]
[274 474]
[274 475]
[274 476]
[274 477]
[274 478]
[274 479]
[274 480]
[274 481]
[274 482]
[274 587]
[274 588]
[275 227]
[275 228]
[275 229]
[275 234]
[275 353]
[275 354]
[275 355]
[275 356]
[275 358]
[275 472]
[275 473]
[275 474]
[275 475]
[275 476]
[275 477]
[275 478]
[275 479]
[275 480]
[275 481]
[275 482]
[275 587]
[275 588]
[276 228]
[276 353]
[276 354]
[276 355]
[276 356]
[276 358]
[276 472]
[276 473]
[276 474]
[276 475]
[276 476]
[276 477]
[276 478]
[276 479]
[276 480]
[276 481]
[276 482]
[276 587]
[276 588]
[277 353]
[277 354]
[277 355]
[277 356]
[277 358]
[277 472]
[277 473]
[277 474]
[277 475]
[277 476]
[277 477]
[277 478]
[277 479]
[277 480]
[277 481]
[277 482]
[277 587]
[277 588]
[278 353]
[278 354]
[278 355]
[278 356]
[278 358]
[278 587]
[278 588]
[279 353]
[279 354]
[279 355]
[279 356]
[279 358]
[279 587]
[279 588]
[280 353]
[280 354]
[280 355]
[280 356]
[280 358]
[280 587]
[280 588]
[281 353]
[281 354]
[281 355]
[281 356]
[281 358]
[281 408]
[281 587]
[281 588]
[282 353]
[282 354]
[282 355]
[282 356]
[282 358]
[282 359]
[282 360]
[282 361]
[282 362]
[282 363]
[282 364]
[282 365]
[282 366]
[282 367]
[282 368]
[282 369]
[282 370]
[282 371]
[282 372]
[282 373]
[282 374]
[282 375]
[282 376]
[282 377]
[282 378]
[282 379]
[282 380]
[282 381]
[282 382]
[282 383]
[282 384]
[282 385]
[282 386]
[282 387]
[282 388]
[282 389]
[282 390]
[282 391]
[282 392]
[282 393]
[282 394]
[282 395]
[282 396]
[282 397]
[282 398]
[282 399]
[282 400]
[282 401]
[282 402]
[282 403]
[282 404]
[282 405]
[282 406]
[282 407]
[282 408]
[282 409]
[282 587]
[282 588]
[283 353]
[283 354]
[283 355]
[283 356]
[283 357]
[283 358]
[283 359]
[283 360]
[283 361]
[283 362]
[283 363]
[283 364]
[283 365]
[283 366]
[283 367]
[283 368]
[283 369]
[283 370]
[283 371]
[283 372]
[283 373]
[283 374]
[283 375]
[283 376]
[283 377]
[283 378]
[283 379]
[283 380]
[283 381]
[283 382]
[283 383]
[283 384]
[283 385]
[283 386]
[283 387]
[283 388]
[283 389]
[283 390]
[283 391]
[283 392]
[283 393]
[283 394]
[283 395]
[283 396]
[283 397]
[283 398]
[283 399]
[283 400]
[283 401]
[283 402]
[283 403]
[283 404]
[283 405]
[283 406]
[283 407]
[283 408]
[283 409]
[283 587]
[283 588]
[284 353]
[284 354]
[284 355]
[284 356]
[284 358]
[284 359]
[284 360]
[284 361]
[284 362]
[284 363]
[284 364]
[284 365]
[284 366]
[284 367]
[284 368]
[284 369]
[284 370]
[284 371]
[284 372]
[284 373]
[284 374]
[284 375]
[284 376]
[284 377]
[284 378]
[284 379]
[284 380]
[284 381]
[284 382]
[284 383]
[284 384]
[284 385]
[284 386]
[284 387]
[284 388]
[284 389]
[284 390]
[284 391]
[284 392]
[284 393]
[284 394]
[284 395]
[284 396]
[284 397]
[284 398]
[284 399]
[284 400]
[284 401]
[284 402]
[284 403]
[284 404]
[284 405]
[284 406]
[284 407]
[284 408]
[284 409]
[284 587]
[284 588]
[285 353]
[285 354]
[285 355]
[285 356]
[285 357]
[285 358]
[285 365]
[285 408]
[285 409]
[285 587]
[285 588]
[286 353]
[286 354]
[286 355]
[286 356]
[286 357]
[286 358]
[286 408]
[286 409]
[286 587]
[286 588]
[287 353]
[287 354]
[287 355]
[287 357]
[287 358]
[287 408]
[287 409]
[287 587]
[287 588]
[288 353]
[288 354]
[288 355]
[288 357]
[288 358]
[288 408]
[288 409]
[288 587]
[288 588]
[289 353]
[289 354]
[289 355]
[289 357]
[289 358]
[289 408]
[289 409]
[289 587]
[289 588]
[290 353]
[290 354]
[290 355]
[290 356]
[290 357]
[290 358]
[290 408]
[290 409]
[290 587]
[290 588]
[291 353]
[291 354]
[291 355]
[291 356]
[291 357]
[291 358]
[291 408]
[291 409]
[291 587]
[291 588]
[292 353]
[292 354]
[292 355]
[292 356]
[292 357]
[292 358]
[292 408]
[292 409]
[292 587]
[292 588]
[293 353]
[293 354]
[293 355]
[293 356]
[293 357]
[293 358]
[293 408]
[293 409]
[293 587]
[293 588]
[294 354]
[294 355]
[294 356]
[294 357]
[294 358]
[294 408]
[294 409]
[294 587]
[294 588]
[295 354]
[295 355]
[295 356]
[295 357]
[295 358]
[295 408]
[295 409]
[295 587]
[295 588]
[296 354]
[296 355]
[296 356]
[296 357]
[296 358]
[296 408]
[296 409]
[296 587]
[296 588]
[297 354]
[297 355]
[297 356]
[297 357]
[297 358]
[297 408]
[297 409]
[297 587]
[297 588]
[298 354]
[298 355]
[298 356]
[298 357]
[298 358]
[298 408]
[298 409]
[298 587]
[298 588]
[299 354]
[299 355]
[299 356]
[299 357]
[299 358]
[299 408]
[299 409]
[299 587]
[299 588]
[300 354]
[300 355]
[300 356]
[300 358]
[300 408]
[300 409]
[300 587]
[300 588]
[301 354]
[301 355]
[301 356]
[301 357]
[301 358]
[301 408]
[301 409]
[301 587]
[301 588]
[302 354]
[302 355]
[302 356]
[302 358]
[302 408]
[302 409]
[302 587]
[302 588]
[303 355]
[303 356]
[303 358]
[303 408]
[303 409]
[303 587]
[303 588]
[304 355]
[304 356]
[304 358]
[304 408]
[304 409]
[304 587]
[304 588]
[305 354]
[305 355]
[305 356]
[305 357]
[305 358]
[305 408]
[305 409]
[305 587]
[305 588]
[306 354]
[306 355]
[306 356]
[306 357]
[306 358]
[306 408]
[306 409]
[306 587]
[306 588]
[307 355]
[307 356]
[307 357]
[307 358]
[307 408]
[307 409]
[307 587]
[307 588]
[308 354]
[308 355]
[308 356]
[308 357]
[308 358]
[308 408]
[308 409]
[308 587]
[308 588]
[309 354]
[309 355]
[309 356]
[309 357]
[309 408]
[309 409]
[309 587]
[309 588]
[310 355]
[310 356]
[310 357]
[310 358]
[310 408]
[310 409]
[310 488]
[310 489]
[310 490]
[310 491]
[310 492]
[310 493]
[310 494]
[310 495]
[310 496]
[310 497]
[310 498]
[310 499]
[310 500]
[310 501]
[310 502]
[310 503]
[310 504]
[310 505]
[310 506]
[310 507]
[310 508]
[310 509]
[310 510]
[310 511]
[310 512]
[310 513]
[310 514]
[310 515]
[310 516]
[310 517]
[310 518]
[310 519]
[310 520]
[310 521]
[310 522]
[310 523]
[310 524]
[310 525]
[310 526]
[310 527]
[310 528]
[310 529]
[310 530]
[310 531]
[310 532]
[310 533]
[310 534]
[310 535]
[310 536]
[310 537]
[310 538]
[310 539]
[310 541]
[310 542]
[310 543]
[310 544]
[310 583]
[310 584]
[310 585]
[310 586]
[310 587]
[310 588]
[311 355]
[311 356]
[311 357]
[311 408]
[311 409]
[311 444]
[311 445]
[311 446]
[311 447]
[311 448]
[311 449]
[311 450]
[311 451]
[311 452]
[311 453]
[311 454]
[311 455]
[311 456]
[311 457]
[311 458]
[311 459]
[311 460]
[311 461]
[311 462]
[311 463]
[311 464]
[311 465]
[311 466]
[311 467]
[311 468]
[311 469]
[311 470]
[311 471]
[311 472]
[311 473]
[311 474]
[311 475]
[311 476]
[311 477]
[311 478]
[311 479]
[311 480]
[311 481]
[311 482]
[311 483]
[311 484]
[311 485]
[311 486]
[311 487]
[311 488]
[311 489]
[311 490]
[311 491]
[311 492]
[311 493]
[311 494]
[311 495]
[311 496]
[311 497]
[311 498]
[311 499]
[311 500]
[311 501]
[311 502]
[311 503]
[311 504]
[311 505]
[311 506]
[311 507]
[311 508]
[311 509]
[311 510]
[311 511]
[311 512]
[311 513]
[311 514]
[311 515]
[311 516]
[311 517]
[311 518]
[311 519]
[311 520]
[311 521]
[311 522]
[311 523]
[311 524]
[311 525]
[311 526]
[311 527]
[311 528]
[311 529]
[311 530]
[311 531]
[311 532]
[311 533]
[311 534]
[311 535]
[311 536]
[311 537]
[311 538]
[311 539]
[311 540]
[311 541]
[311 542]
[311 543]
[311 544]
[311 545]
[311 546]
[311 547]
[311 548]
[311 549]
[311 550]
[311 551]
[311 552]
[311 553]
[311 554]
[311 555]
[311 556]
[311 557]
[311 558]
[311 559]
[311 560]
[311 561]
[311 562]
[311 563]
[311 564]
[311 565]
[311 566]
[311 567]
[311 568]
[311 569]
[311 570]
[311 571]
[311 572]
[311 573]
[311 574]
[311 575]
[311 576]
[311 577]
[311 578]
[311 579]
[311 580]
[311 581]
[311 582]
[311 583]
[311 584]
[311 585]
[311 586]
[311 587]
[311 588]
[312 355]
[312 356]
[312 357]
[312 399]
[312 400]
[312 401]
[312 402]
[312 403]
[312 404]
[312 405]
[312 406]
[312 407]
[312 408]
[312 409]
[312 410]
[312 411]
[312 412]
[312 413]
[312 414]
[312 415]
[312 416]
[312 417]
[312 418]
[312 419]
[312 420]
[312 421]
[312 422]
[312 423]
[312 424]
[312 425]
[312 426]
[312 427]
[312 428]
[312 429]
[312 430]
[312 431]
[312 432]
[312 433]
[312 434]
[312 435]
[312 436]
[312 437]
[312 438]
[312 439]
[312 440]
[312 441]
[312 442]
[312 443]
[312 444]
[312 445]
[312 446]
[312 447]
[312 448]
[312 449]
[312 450]
[312 451]
[312 452]
[312 453]
[312 454]
[312 455]
[312 456]
[312 457]
[312 458]
[312 459]
[312 460]
[312 461]
[312 462]
[312 463]
[312 464]
[312 465]
[312 466]
[312 467]
[312 468]
[312 469]
[312 470]
[312 471]
[312 472]
[312 473]
[312 474]
[312 475]
[312 476]
[312 477]
[312 478]
[312 479]
[312 480]
[312 481]
[312 482]
[312 483]
[312 484]
[312 485]
[312 486]
[312 487]
[312 488]
[312 489]
[312 490]
[312 491]
[312 492]
[312 493]
[312 494]
[312 495]
[312 496]
[312 497]
[312 498]
[312 499]
[312 500]
[312 501]
[312 502]
[312 503]
[312 504]
[312 505]
[312 506]
[312 507]
[312 508]
[312 509]
[312 510]
[312 511]
[312 512]
[312 513]
[312 514]
[312 515]
[312 516]
[312 517]
[312 518]
[312 519]
[312 520]
[312 521]
[312 522]
[312 523]
[312 524]
[312 525]
[312 526]
[312 527]
[312 528]
[312 529]
[312 530]
[312 531]
[312 532]
[312 533]
[312 534]
[312 535]
[312 536]
[312 537]
[312 538]
[312 539]
[312 540]
[312 541]
[312 542]
[312 543]
[312 544]
[312 545]
[312 546]
[312 547]
[312 548]
[312 549]
[312 550]
[312 551]
[312 552]
[312 553]
[312 554]
[312 555]
[312 556]
[312 557]
[312 558]
[312 559]
[312 560]
[312 561]
[312 562]
[312 563]
[312 564]
[312 565]
[312 566]
[312 567]
[312 568]
[312 569]
[312 570]
[312 571]
[312 572]
[312 573]
[312 574]
[312 575]
[312 576]
[312 577]
[312 578]
[312 579]
[312 580]
[312 581]
[312 582]
[312 583]
[312 584]
[312 585]
[312 586]
[312 587]
[313 355]
[313 356]
[313 357]
[313 358]
[313 380]
[313 381]
[313 382]
[313 383]
[313 384]
[313 385]
[313 386]
[313 387]
[313 388]
[313 389]
[313 390]
[313 391]
[313 392]
[313 393]
[313 394]
[313 395]
[313 396]
[313 397]
[313 398]
[313 399]
[313 400]
[313 401]
[313 402]
[313 407]
[313 408]
[313 409]
[313 410]
[313 411]
[313 412]
[313 413]
[313 414]
[313 415]
[313 416]
[313 417]
[313 418]
[313 419]
[313 420]
[313 421]
[313 422]
[313 423]
[313 424]
[313 425]
[313 426]
[313 427]
[313 428]
[313 429]
[313 430]
[313 431]
[313 432]
[313 433]
[313 434]
[313 435]
[313 436]
[313 437]
[313 438]
[313 439]
[313 440]
[313 441]
[313 442]
[313 443]
[313 444]
[313 445]
[313 446]
[313 447]
[313 448]
[313 449]
[313 450]
[313 451]
[313 452]
[313 453]
[313 454]
[313 455]
[313 456]
[313 457]
[313 458]
[313 459]
[313 460]
[313 462]
[313 506]
[313 508]
[313 509]
[313 511]
[313 513]
[313 514]
[313 515]
[313 516]
[313 517]
[313 518]
[313 519]
[313 520]
[313 521]
[313 522]
[313 523]
[313 524]
[313 525]
[313 526]
[313 538]
[313 539]
[313 540]
[313 541]
[313 542]
[313 543]
[313 544]
[313 545]
[313 546]
[313 547]
[313 548]
[313 549]
[313 550]
[313 551]
[313 552]
[313 553]
[313 554]
[313 555]
[313 556]
[313 557]
[313 558]
[313 559]
[313 560]
[313 561]
[313 562]
[313 563]
[313 564]
[313 565]
[313 566]
[313 567]
[313 568]
[313 569]
[313 570]
[313 571]
[313 572]
[313 573]
[313 574]
[313 575]
[313 576]
[313 577]
[313 580]
[313 581]
[313 582]
[313 583]
[313 584]
[313 585]
[313 586]
[314 355]
[314 356]
[314 357]
[314 358]
[314 359]
[314 360]
[314 361]
[314 362]
[314 363]
[314 364]
[314 365]
[314 366]
[314 367]
[314 368]
[314 369]
[314 370]
[314 371]
[314 372]
[314 373]
[314 374]
[314 375]
[314 376]
[314 377]
[314 378]
[314 379]
[314 409]
[314 410]
[314 411]
[314 412]
[314 413]
[314 414]
[314 415]
[314 422]
[314 424]
[314 425]
[314 426]
[314 427]
[314 428]
[314 429]
[314 430]
[315 355]
[315 356]
[315 357]
[315 358]
[315 359]
[315 360]
[315 361]
[315 412]
[315 413]
[315 414]
[315 415]
[315 416]
[315 417]
[315 418]
[315 419]
[315 420]
[315 421]
[315 422]
[315 423]
[315 424]
[315 425]
[315 426]
[315 431]
[315 433]
[316 353]
[316 355]
[316 356]
[316 377]
[316 378]
[316 379]
[316 380]
[316 381]
[316 382]
[316 383]
[316 384]
[316 385]
[316 386]
[316 387]
[316 388]
[316 389]
[316 390]
[316 391]
[316 392]
[316 393]
[316 394]
[316 395]
[316 396]
[316 397]
[316 398]
[316 399]
[316 405]
[316 407]
[317 353]
[317 355]
[317 356]
[317 359]
[317 360]
[317 362]
[317 363]
[317 364]
[317 365]
[318 354]
[318 355]
[318 356]
[318 357]
[326 254]
[326 255]
[328 254]
[329 255]
[329 256]
[331 251]
[331 256]
[332 249]
[332 250]
[333 249]
[333 250]
[333 252]
[334 248]
[334 249]
[334 250]
[335 248]
[335 249]
[335 250]
[335 251]
[336 247]
[336 248]
[336 249]
[336 250]
[336 251]
[336 252]
[337 246]
[337 250]
[337 251]
[337 252]
[337 253]
[338 246]
[338 252]
[338 253]
[338 254]
[339 244]
[339 245]
[339 252]
[339 253]
[340 243]
[340 244]
[340 252]
[340 253]
[341 251]
[341 252]
[342 251]
[342 252]
[342 253]
[343 252]
[343 253]
[344 252]
[344 253]
[344 254]
[345 253]
[345 254]
[345 255]
[346 253]
[346 254]
[346 255]
[347 254]
[347 255]
[348 254]
[348 255]
[348 256]
[349 255]
[349 256]
[349 257]
[350 256]
[350 257]
[350 258]
[350 259]
[351 257]
[351 258]
[351 259]
[352 257]
[352 258]
[352 259]
[353 257]
[353 258]
[353 259]
[354 257]
[354 258]
[354 259]
[355 251]
[355 259]
[356 249]
[356 250]
[357 247]
[357 248]
