[1716 1816]
[1716 1818]
[1718 1815]
[1719 1815]
[1719 1817]
[1720 1814]
[1720 1815]
[1720 1816]
[1720 1817]
[1720 1818]
[1720 1819]
[1721 1813]
[1721 1814]
[1721 1815]
[1721 1816]
[1721 1817]
[1721 1818]
[1721 1819]
[1721 1820]
[1721 1821]
[1721 1822]
[1721 1823]
[1721 1824]
[1721 1825]
[1722 1812]
[1722 1813]
[1722 1814]
[1722 1815]
[1722 1816]
[1722 1817]
[1722 1818]
[1722 1819]
[1722 1820]
[1722 1821]
[1722 1822]
[1722 1823]
[1722 1824]
[1722 1826]
[1722 1827]
[1722 1828]
[1722 1829]
[1723 1812]
[1723 1813]
[1723 1817]
[1723 1818]
[1723 1819]
[1723 1820]
[1723 1822]
[1723 1823]
[1723 1824]
[1723 1825]
[1723 1826]
[1723 1827]
[1723 1828]
[1723 1829]
[1723 1830]
[1723 1831]
[1723 1832]
[1723 1833]
[1724 1810]
[1724 1811]
[1724 1812]
[1724 1814]
[1724 1815]
[1724 1816]
[1724 1817]
[1724 1820]
[1724 1821]
[1724 1822]
[1724 1823]
[1724 1824]
[1724 1827]
[1724 1828]
[1724 1829]
[1724 1830]
[1724 1831]
[1724 1832]
[1724 1834]
[1724 1835]
[1724 1836]
[1725 1810]
[1725 1811]
[1725 1812]
[1725 1813]
[1725 1814]
[1725 1815]
[1725 1819]
[1725 1820]
[1725 1821]
[1725 1822]
[1725 1823]
[1725 1824]
[1725 1825]
[1725 1826]
[1725 1827]
[1725 1828]
[1725 1829]
[1725 1833]
[1725 1834]
[1725 1835]
[1725 1836]
[1725 1837]
[1725 1838]
[1725 1839]
[1725 1840]
[1726 1810]
[1726 1811]
[1726 1812]
[1726 1813]
[1726 1814]
[1726 1815]
[1726 1819]
[1726 1824]
[1726 1825]
[1726 1826]
[1726 1827]
[1726 1828]
[1726 1829]
[1726 1830]
[1726 1831]
[1726 1832]
[1726 1833]
[1726 1836]
[1726 1837]
[1726 1838]
[1726 1839]
[1726 1840]
[1726 1841]
[1726 1842]
[1726 1843]
[1726 1844]
[1727 1810]
[1727 1817]
[1727 1818]
[1727 1819]
[1727 1820]
[1727 1821]
[1727 1827]
[1727 1828]
[1727 1829]
[1727 1830]
[1727 1831]
[1727 1832]
[1727 1833]
[1727 1834]
[1727 1835]
[1727 1836]
[1727 1837]
[1727 1839]
[1727 1840]
[1727 1841]
[1727 1842]
[1727 1843]
[1727 1844]
[1727 1845]
[1727 1846]
[1727 1847]
[1727 1848]
[1728 1821]
[1728 1822]
[1728 1823]
[1728 1824]
[1728 1825]
[1728 1826]
[1728 1827]
[1728 1828]
[1728 1829]
[1728 1831]
[1728 1832]
[1728 1833]
[1728 1834]
[1728 1835]
[1728 1836]
[1728 1837]
[1728 1838]
[1728 1839]
[1728 1840]
[1728 1843]
[1728 1844]
[1728 1845]
[1728 1846]
[1728 1847]
[1728 1848]
[1728 1849]
[1728 1850]
[1728 1851]
[1729 1828]
[1729 1829]
[1729 1830]
[1729 1831]
[1729 1833]
[1729 1834]
[1729 1835]
[1729 1836]
[1729 1837]
[1729 1838]
[1729 1839]
[1729 1840]
[1729 1841]
[1729 1842]
[1729 1843]
[1729 1844]
[1729 1845]
[1729 1846]
[1729 1847]
[1729 1848]
[1729 1849]
[1729 1850]
[1729 1851]
[1729 1852]
[1729 1853]
[1729 1854]
[1729 1855]
[1730 1839]
[1730 1840]
[1730 1841]
[1730 1842]
[1730 1843]
[1730 1844]
[1730 1845]
[1730 1846]
[1730 1847]
[1730 1848]
[1730 1849]
[1730 1850]
[1730 1851]
[1730 1852]
[1730 1853]
[1730 1854]
[1730 1855]
[1730 1856]
[1730 1857]
[1730 1858]
[1730 1859]
[1731 1844]
[1731 1845]
[1731 1846]
[1731 1847]
[1731 1848]
[1731 1849]
[1731 1850]
[1731 1851]
[1731 1852]
[1731 1853]
[1731 1854]
[1731 1855]
[1731 1857]
[1731 1858]
[1731 1859]
[1731 1860]
[1731 1861]
[1731 1862]
[1731 1863]
[1731 1864]
[1732 1849]
[1732 1850]
[1732 1851]
[1732 1852]
[1732 1853]
[1732 1854]
[1732 1855]
[1732 1856]
[1732 1857]
[1732 1858]
[1732 1859]
[1732 1860]
[1732 1861]
[1732 1862]
[1732 1863]
[1732 1864]
[1732 1865]
[1732 1866]
[1732 1867]
[1733 1855]
[1733 1856]
[1733 1857]
[1733 1858]
[1733 1859]
[1733 1860]
[1733 1861]
[1733 1862]
[1733 1863]
[1733 1864]
[1733 1865]
[1733 1866]
[1733 1867]
[1733 1868]
[1733 1869]
[1733 1870]
[1733 1871]
[1733 1872]
[1734 1860]
[1734 1861]
[1734 1862]
[1734 1863]
[1734 1864]
[1734 1865]
[1734 1866]
[1734 1867]
[1734 1868]
[1734 1869]
[1734 1870]
[1734 1871]
[1734 1872]
[1734 1873]
[1734 1874]
[1734 1875]
[1734 1876]
[1734 1877]
[1735 1864]
[1735 1867]
[1735 1868]
[1735 1869]
[1735 1870]
[1735 1871]
[1735 1872]
[1735 1873]
[1735 1874]
[1735 1875]
[1735 1876]
[1735 1877]
[1735 1878]
[1735 1879]
[1735 1880]
[1735 1884]
[1736 1872]
[1736 1875]
[1736 1876]
[1736 1877]
[1736 1878]
[1736 1879]
[1736 1880]
[1736 1881]
[1736 1882]
[1736 1883]
[1736 1884]
[1736 1885]
[1736 1886]
[1736 1887]
[1737 1877]
[1737 1878]
[1737 1879]
[1737 1880]
[1737 1881]
[1737 1882]
[1737 1883]
[1737 1884]
[1737 1885]
[1737 1886]
[1737 1887]
[1737 1888]
[1737 1889]
[1737 1890]
[1737 1891]
[1738 1882]
[1738 1883]
[1738 1884]
[1738 1885]
[1738 1886]
[1738 1887]
[1738 1888]
[1738 1889]
[1738 1890]
[1738 1891]
[1738 1892]
[1738 1893]
[1738 1894]
[1738 1895]
[1738 1896]
[1738 1897]
[1738 1898]
[1738 1899]
[1738 1900]
[1739 1886]
[1739 1887]
[1739 1888]
[1739 1889]
[1739 1890]
[1739 1891]
[1739 1892]
[1739 1893]
[1739 1894]
[1739 1895]
[1739 1896]
[1739 1897]
[1739 1898]
[1739 1899]
[1739 1900]
[1739 1901]
[1739 1902]
[1739 1903]
[1739 1904]
[1740 1892]
[1740 1893]
[1740 1894]
[1740 1895]
[1740 1896]
[1740 1897]
[1740 1898]
[1740 1899]
[1740 1900]
[1740 1901]
[1740 1902]
[1740 1903]
[1740 1904]
[1740 1905]
[1740 1906]
[1740 1907]
[1740 1908]
[1741 1895]
[1741 1896]
[1741 1897]
[1741 1898]
[1741 1899]
[1741 1900]
[1741 1901]
[1741 1902]
[1741 1903]
[1741 1904]
[1741 1905]
[1741 1906]
[1741 1907]
[1741 1908]
[1741 1909]
[1741 1910]
[1741 1911]
[1742 1899]
[1742 1900]
[1742 1901]
[1742 1902]
[1742 1903]
[1742 1904]
[1742 1905]
[1742 1906]
[1742 1907]
[1742 1908]
[1742 1909]
[1742 1910]
[1742 1911]
[1742 1912]
[1742 1913]
[1742 1914]
[1742 1915]
[1742 1916]
[1743 1904]
[1743 1905]
[1743 1906]
[1743 1907]
[1743 1908]
[1743 1910]
[1743 1911]
[1743 1912]
[1743 1913]
[1743 1914]
[1743 1915]
[1743 1916]
[1743 1917]
[1743 1918]
[1743 1919]
[1743 1920]
[1744 1908]
[1744 1909]
[1744 1910]
[1744 1911]
[1744 1912]
[1744 1914]
[1744 1915]
[1744 1916]
[1744 1917]
[1744 1918]
[1744 1919]
[1744 1920]
[1744 1921]
[1744 1922]
[1744 1923]
[1744 1924]
[1744 1925]
[1745 1912]
[1745 1913]
[1745 1914]
[1745 1915]
[1745 1916]
[1745 1917]
[1745 1918]
[1745 1919]
[1745 1920]
[1745 1921]
[1745 1922]
[1745 1923]
[1745 1924]
[1745 1925]
[1745 1926]
[1745 1927]
[1745 1928]
[1745 1929]
[1745 1930]
[1745 1931]
[1746 1914]
[1746 1915]
[1746 1916]
[1746 1917]
[1746 1918]
[1746 1919]
[1746 1920]
[1746 1921]
[1746 1922]
[1746 1923]
[1746 1924]
[1746 1925]
[1746 1926]
[1746 1927]
[1746 1928]
[1746 1929]
[1746 1930]
[1746 1931]
[1746 1933]
[1747 1918]
[1747 1919]
[1747 1920]
[1747 1921]
[1747 1922]
[1747 1923]
[1747 1924]
[1747 1925]
[1747 1926]
[1747 1927]
[1747 1928]
[1747 1929]
[1747 1930]
[1747 1931]
[1747 1932]
[1747 1933]
[1747 1934]
[1747 1935]
[1747 1936]
[1748 1923]
[1748 1924]
[1748 1925]
[1748 1926]
[1748 1927]
[1748 1928]
[1748 1929]
[1748 1930]
[1748 1931]
[1748 1933]
[1748 1934]
[1748 1935]
[1748 1936]
[1748 1937]
[1748 1938]
[1748 1939]
[1748 1940]
[1749 1928]
[1749 1929]
[1749 1930]
[1749 1931]
[1749 1932]
[1749 1933]
[1749 1934]
[1749 1935]
[1749 1936]
[1749 1938]
[1749 1939]
[1749 1940]
[1749 1941]
[1749 1942]
[1749 1943]
[1749 1944]
[1749 1945]
[1750 1933]
[1750 1934]
[1750 1935]
[1750 1936]
[1750 1937]
[1750 1938]
[1750 1939]
[1750 1940]
[1750 1941]
[1750 1942]
[1750 1943]
[1750 1944]
[1750 1945]
[1750 1946]
[1750 1947]
[1750 1948]
[1750 1949]
[1750 1950]
[1751 1939]
[1751 1940]
[1751 1941]
[1751 1942]
[1751 1943]
[1751 1944]
[1751 1945]
[1751 1946]
[1751 1947]
[1751 1948]
[1751 1949]
[1751 1950]
[1751 1951]
[1751 1952]
[1751 1953]
[1751 1954]
[1751 1955]
[1751 1959]
[1751 1960]
[1751 1961]
[1752 1943]
[1752 1944]
[1752 1945]
[1752 1946]
[1752 1947]
[1752 1948]
[1752 1949]
[1752 1950]
[1752 1951]
[1752 1952]
[1752 1953]
[1752 1954]
[1752 1955]
[1752 1956]
[1752 1957]
[1752 1958]
[1752 1959]
[1752 1960]
[1752 1961]
[1752 1962]
[1752 1963]
[1752 1964]
[1753 1946]
[1753 1947]
[1753 1948]
[1753 1949]
[1753 1950]
[1753 1951]
[1753 1952]
[1753 1953]
[1753 1954]
[1753 1955]
[1753 1956]
[1753 1957]
[1753 1958]
[1753 1959]
[1753 1960]
[1753 1961]
[1753 1962]
[1753 1963]
[1753 1965]
[1753 1966]
[1753 1967]
[1753 1968]
[1754 1813]
[1754 1952]
[1754 1953]
[1754 1954]
[1754 1955]
[1754 1956]
[1754 1957]
[1754 1958]
[1754 1959]
[1754 1960]
[1754 1961]
[1754 1962]
[1754 1963]
[1754 1964]
[1754 1968]
[1754 1969]
[1754 1970]
[1754 1971]
[1754 1972]
[1754 1988]
[1754 1989]
[1754 1990]
[1755 1812]
[1755 1813]
[1755 1814]
[1755 1957]
[1755 1958]
[1755 1959]
[1755 1960]
[1755 1961]
[1755 1962]
[1755 1963]
[1755 1964]
[1755 1965]
[1755 1966]
[1755 1967]
[1755 1968]
[1755 1969]
[1755 1972]
[1755 1973]
[1755 1974]
[1755 1975]
[1755 1990]
[1755 1991]
[1755 1992]
[1755 1993]
[1756 1815]
[1756 1962]
[1756 1963]
[1756 1964]
[1756 1965]
[1756 1966]
[1756 1967]
[1756 1968]
[1756 1969]
[1756 1970]
[1756 1971]
[1756 1972]
[1756 1973]
[1756 1974]
[1756 1975]
[1756 1976]
[1756 1977]
[1756 1978]
[1756 1979]
[1756 1980]
[1756 1981]
[1756 1982]
[1756 1993]
[1756 1994]
[1756 1995]
[1756 1996]
[1756 1997]
[1756 1998]
[1756 1999]
[1756 2000]
[1756 2001]
[1757 1814]
[1757 1815]
[1757 1816]
[1757 1969]
[1757 1970]
[1757 1971]
[1757 1972]
[1757 1973]
[1757 1974]
[1757 1975]
[1757 1976]
[1757 1977]
[1757 1978]
[1757 1979]
[1757 1980]
[1757 1981]
[1757 1982]
[1757 1983]
[1757 1984]
[1757 1985]
[1757 1986]
[1757 1997]
[1757 1998]
[1757 1999]
[1757 2000]
[1757 2001]
[1757 2002]
[1757 2003]
[1757 2004]
[1758 1812]
[1758 1813]
[1758 1814]
[1758 1815]
[1758 1816]
[1758 1974]
[1758 1975]
[1758 1976]
[1758 1977]
[1758 1978]
[1758 1979]
[1758 1980]
[1758 1981]
[1758 1982]
[1758 1983]
[1758 1984]
[1758 1985]
[1758 1986]
[1758 1987]
[1758 1988]
[1758 1989]
[1758 1990]
[1758 1998]
[1758 2000]
[1758 2001]
[1758 2002]
[1758 2003]
[1758 2004]
[1758 2005]
[1758 2006]
[1758 2007]
[1759 1810]
[1759 1811]
[1759 1812]
[1759 1814]
[1759 1815]
[1759 1980]
[1759 1981]
[1759 1982]
[1759 1983]
[1759 1984]
[1759 1985]
[1759 1986]
[1759 1987]
[1759 1988]
[1759 1989]
[1759 1990]
[1759 1991]
[1759 1992]
[1759 1993]
[1759 1994]
[1759 2003]
[1759 2004]
[1759 2005]
[1759 2006]
[1759 2007]
[1759 2008]
[1759 2009]
[1759 2010]
[1759 2011]
[1760 1810]
[1760 1811]
[1760 1812]
[1760 1982]
[1760 1983]
[1760 1984]
[1760 1985]
[1760 1986]
[1760 1987]
[1760 1988]
[1760 1989]
[1760 1990]
[1760 1991]
[1760 1992]
[1760 1993]
[1760 1994]
[1760 1995]
[1760 1996]
[1760 1997]
[1760 1998]
[1760 2006]
[1760 2007]
[1760 2008]
[1760 2009]
[1760 2010]
[1760 2011]
[1760 2012]
[1760 2013]
[1760 2014]
[1761 1813]
[1761 1814]
[1761 1987]
[1761 1988]
[1761 1989]
[1761 1990]
[1761 1991]
[1761 1992]
[1761 1993]
[1761 1994]
[1761 1995]
[1761 1996]
[1761 1997]
[1761 1998]
[1761 1999]
[1761 2000]
[1761 2001]
[1761 2008]
[1761 2009]
[1761 2010]
[1761 2011]
[1761 2012]
[1761 2013]
[1761 2014]
[1761 2015]
[1761 2016]
[1761 2017]
[1762 1813]
[1762 1814]
[1762 1992]
[1762 1993]
[1762 1994]
[1762 1995]
[1762 1996]
[1762 1997]
[1762 1998]
[1762 1999]
[1762 2000]
[1762 2001]
[1762 2002]
[1762 2003]
[1762 2004]
[1762 2005]
[1762 2011]
[1762 2012]
[1762 2013]
[1762 2014]
[1762 2015]
[1762 2016]
[1762 2017]
[1762 2018]
[1762 2019]
[1762 2020]
[1762 2021]
[1763 1814]
[1763 1816]
[1763 1997]
[1763 1998]
[1763 1999]
[1763 2000]
[1763 2001]
[1763 2002]
[1763 2003]
[1763 2004]
[1763 2005]
[1763 2006]
[1763 2007]
[1763 2008]
[1763 2009]
[1763 2015]
[1763 2016]
[1763 2017]
[1763 2018]
[1763 2019]
[1763 2020]
[1763 2021]
[1763 2022]
[1763 2023]
[1763 2024]
[1764 2004]
[1764 2005]
[1764 2006]
[1764 2007]
[1764 2008]
[1764 2009]
[1764 2010]
[1764 2011]
[1764 2012]
[1764 2013]
[1764 2018]
[1764 2019]
[1764 2020]
[1764 2021]
[1764 2022]
[1764 2023]
[1764 2024]
[1764 2025]
[1764 2026]
[1764 2027]
[1765 2012]
[1765 2013]
[1765 2014]
[1765 2015]
[1765 2016]
[1765 2017]
[1765 2018]
[1765 2019]
[1765 2021]
[1765 2022]
[1765 2023]
[1765 2024]
[1765 2025]
[1765 2026]
[1765 2027]
[1765 2028]
[1765 2029]
[1765 2030]
[1765 2031]
[1766 2017]
[1766 2018]
[1766 2019]
[1766 2020]
[1766 2021]
[1766 2022]
[1766 2023]
[1766 2024]
[1766 2025]
[1766 2026]
[1766 2027]
[1766 2028]
[1766 2029]
[1766 2030]
[1766 2031]
[1766 2032]
[1766 2033]
[1766 2034]
[1767 2022]
[1767 2023]
[1767 2024]
[1767 2025]
[1767 2026]
[1767 2027]
[1767 2028]
[1767 2029]
[1767 2031]
[1767 2032]
[1767 2033]
[1767 2034]
[1767 2035]
[1767 2036]
[1767 2037]
[1768 2027]
[1768 2028]
[1768 2029]
[1768 2030]
[1768 2031]
[1768 2032]
[1768 2033]
[1768 2034]
[1768 2035]
[1768 2036]
[1768 2037]
[1768 2038]
[1768 2039]
[1768 2040]
[1768 2041]
[1769 2032]
[1769 2033]
[1769 2034]
[1769 2035]
[1769 2036]
[1769 2037]
[1769 2038]
[1769 2039]
[1769 2040]
[1769 2041]
[1769 2042]
[1769 2043]
[1769 2044]
[1769 2045]
[1769 2046]
[1770 2037]
[1770 2038]
[1770 2039]
[1770 2040]
[1770 2041]
[1770 2042]
[1770 2043]
[1770 2044]
[1770 2045]
[1770 2046]
[1770 2047]
[1770 2048]
[1770 2049]
[1770 2050]
[1771 2042]
[1771 2043]
[1771 2044]
[1771 2045]
[1771 2046]
[1771 2047]
[1771 2048]
[1771 2049]
[1771 2050]
[1771 2051]
[1771 2052]
[1771 2053]
[1771 2054]
[1771 2055]
[1772 2046]
[1772 2047]
[1772 2048]
[1772 2049]
[1772 2050]
[1772 2051]
[1772 2052]
[1772 2053]
[1772 2054]
[1772 2055]
[1772 2056]
[1772 2057]
[1772 2058]
[1773 2051]
[1773 2052]
[1773 2053]
[1773 2054]
[1773 2055]
[1773 2056]
[1773 2057]
[1773 2058]
[1773 2059]
[1773 2060]
[1773 2061]
[1773 2062]
[1774 2055]
[1774 2056]
[1774 2057]
[1774 2058]
[1774 2059]
[1774 2060]
[1774 2061]
[1774 2062]
[1774 2063]
[1774 2064]
[1774 2065]
[1774 2066]
[1775 2059]
[1775 2060]
[1775 2061]
[1775 2062]
[1775 2063]
[1775 2064]
[1775 2065]
[1775 2066]
[1775 2067]
[1775 2068]
[1775 2069]
[1775 2070]
[1776 2063]
[1776 2064]
[1776 2065]
[1776 2066]
[1776 2067]
[1776 2068]
[1776 2069]
[1776 2070]
[1776 2071]
[1776 2072]
[1776 2073]
[1776 2074]
[1777 2068]
[1777 2069]
[1777 2070]
[1777 2071]
[1777 2072]
[1777 2073]
[1777 2074]
[1777 2075]
[1777 2076]
[1777 2077]
[1777 2078]
[1778 2071]
[1778 2072]
[1778 2073]
[1778 2074]
[1778 2075]
[1778 2076]
[1778 2077]
[1778 2078]
[1778 2079]
[1778 2080]
[1778 2081]
[1778 2082]
[1779 2076]
[1779 2077]
[1779 2078]
[1779 2079]
[1779 2080]
[1779 2081]
[1779 2082]
[1779 2083]
[1779 2084]
[1779 2085]
[1779 2086]
[1780 2080]
[1780 2081]
[1780 2083]
[1780 2084]
[1780 2085]
[1780 2086]
[1780 2087]
[1780 2088]
[1781 2084]
[1781 2085]
[1781 2086]
[1781 2087]
[1781 2088]
[1781 2089]
[1782 2086]
[1782 2087]
[1782 2088]
[1782 2089]
[1783 2084]
[1783 2085]
[1783 2086]
[1783 2087]
[1783 2088]
[1783 2089]
[1784 2088]
[1784 2089]
[1785 2088]
[1785 2089]
[1786 2088]
[1786 2089]
[1787 2087]
[1787 2088]
[1788 2087]
[1788 2088]
[1789 2087]
[1789 2088]
[1790 2086]
[1790 2087]
[1791 2084]
[1791 2086]
[1791 2087]
[1792 2086]
[1792 2087]
[1793 2086]
[1793 2087]
[1794 2083]
[1794 2085]
[1794 2086]
[1795 2083]
[1795 2085]
[1795 2086]
[1796 2082]
[1796 2085]
[1796 2086]
[1797 2085]
[1798 2084]
[1798 2085]
[1799 2082]
[1799 2084]
[1799 2085]
[1800 2081]
[1800 2082]
[1800 2084]
[1801 2081]
[1801 2082]
[1801 2083]
[1801 2084]
[1802 2082]
[1802 2083]
[1802 2084]
[1803 2081]
[1803 2083]
[1804 2081]
[1804 2083]
[1805 2081]
[1805 2082]
[1805 2083]
[1806 2080]
[1806 2081]
[1806 2082]
[1806 2083]
[1807 2080]
[1807 2082]
[1808 2080]
[1808 2081]
[1808 2082]
[1809 2080]
[1809 2081]
[1809 2082]
[1810 2079]
[1810 2080]
[1810 2081]
[1811 2079]
[1811 2081]
[1812 2079]
[1812 2080]
[1812 2081]
[1813 2079]
[1813 2080]
[1813 2081]
[1814 2078]
[1814 2079]
[1814 2080]
[1815 2078]
[1815 2079]
[1815 2080]
[1816 2078]
[1816 2079]
[1816 2080]
[1817 2078]
[1817 2079]
[1817 2080]
[1818 2077]
[1818 2078]
[1818 2079]
[1819 2077]
[1819 2078]
[1819 2079]
[1820 2077]
[1820 2078]
[1820 2079]
[1821 2077]
[1821 2078]
[1821 2079]
[1822 2076]
[1822 2077]
[1822 2078]
[1822 2079]
[1823 2076]
[1823 2077]
[1823 2078]
[1823 2079]
[1824 2076]
[1824 2077]
[1824 2078]
[1824 2079]
[1825 1918]
[1825 1919]
[1825 2076]
[1825 2077]
[1825 2078]
[1826 1920]
[1826 1922]
[1826 1924]
[1826 2075]
[1826 2076]
[1826 2077]
[1826 2078]
[1827 1923]
[1827 1924]
[1827 1925]
[1827 1926]
[1827 1927]
[1827 1928]
[1827 2075]
[1827 2076]
[1827 2077]
[1827 2078]
[1828 1921]
[1828 1922]
[1828 1924]
[1828 1925]
[1828 1926]
[1828 1927]
[1828 1928]
[1828 1929]
[1828 1930]
[1828 1931]
[1828 1932]
[1828 1933]
[1828 2074]
[1828 2076]
[1828 2077]
[1828 2078]
[1829 1920]
[1829 1921]
[1829 1929]
[1829 1933]
[1829 1934]
[1829 1935]
[1829 1936]
[1829 1937]
[1829 2074]
[1829 2075]
[1829 2076]
[1829 2077]
[1830 1920]
[1830 1922]
[1830 1923]
[1830 1924]
[1830 1925]
[1830 1926]
[1830 1933]
[1830 1934]
[1830 1935]
[1830 1936]
[1830 1937]
[1830 1938]
[1830 1939]
[1830 1940]
[1830 1941]
[1830 1942]
[1830 2074]
[1830 2075]
[1830 2076]
[1830 2077]
[1831 1920]
[1831 1921]
[1831 1922]
[1831 1923]
[1831 1924]
[1831 1925]
[1831 1926]
[1831 1927]
[1831 1928]
[1831 1929]
[1831 1930]
[1831 1931]
[1831 1934]
[1831 1935]
[1831 1937]
[1831 1938]
[1831 1939]
[1831 1940]
[1831 1941]
[1831 1942]
[1831 1943]
[1831 1944]
[1831 1945]
[1831 1946]
[1831 2074]
[1831 2075]
[1831 2076]
[1831 2077]
[1832 1921]
[1832 1922]
[1832 1923]
[1832 1924]
[1832 1925]
[1832 1926]
[1832 1927]
[1832 1928]
[1832 1929]
[1832 1930]
[1832 1931]
[1832 1932]
[1832 1933]
[1832 1934]
[1832 1935]
[1832 1936]
[1832 1937]
[1832 1940]
[1832 1942]
[1832 1943]
[1832 1944]
[1832 1945]
[1832 1946]
[1832 1947]
[1832 1948]
[1832 1949]
[1832 1950]
[1832 1951]
[1832 2074]
[1832 2075]
[1832 2076]
[1832 2077]
[1833 1921]
[1833 1923]
[1833 1925]
[1833 1929]
[1833 1930]
[1833 1931]
[1833 1932]
[1833 1933]
[1833 1934]
[1833 1935]
[1833 1936]
[1833 1937]
[1833 1938]
[1833 1939]
[1833 1940]
[1833 1941]
[1833 1942]
[1833 1943]
[1833 1944]
[1833 1945]
[1833 1946]
[1833 1947]
[1833 1948]
[1833 1949]
[1833 1950]
[1833 1951]
[1833 1952]
[1833 1953]
[1833 1954]
[1833 1955]
[1833 2073]
[1833 2074]
[1833 2075]
[1833 2076]
[1834 1921]
[1834 1923]
[1834 1925]
[1834 1938]
[1834 1939]
[1834 1940]
[1834 1941]
[1834 1942]
[1834 1943]
[1834 1944]
[1834 1945]
[1834 1946]
[1834 1947]
[1834 1948]
[1834 1949]
[1834 1950]
[1834 1951]
[1834 1952]
[1834 1953]
[1834 1954]
[1834 1955]
[1834 1956]
[1834 1957]
[1834 1958]
[1834 1959]
[1834 2073]
[1834 2074]
[1834 2075]
[1834 2076]
[1835 1921]
[1835 1922]
[1835 1924]
[1835 1925]
[1835 1939]
[1835 1940]
[1835 1945]
[1835 1946]
[1835 1947]
[1835 1948]
[1835 1949]
[1835 1950]
[1835 1951]
[1835 1952]
[1835 1953]
[1835 1954]
[1835 1955]
[1835 1956]
[1835 1957]
[1835 1958]
[1835 1959]
[1835 1960]
[1835 1961]
[1835 1962]
[1835 1963]
[1835 1964]
[1835 2073]
[1835 2074]
[1835 2075]
[1835 2076]
[1836 1921]
[1836 1922]
[1836 1924]
[1836 1941]
[1836 1942]
[1836 1943]
[1836 1944]
[1836 1945]
[1836 1946]
[1836 1947]
[1836 1949]
[1836 1950]
[1836 1951]
[1836 1952]
[1836 1953]
[1836 1954]
[1836 1956]
[1836 1957]
[1836 1958]
[1836 1959]
[1836 1960]
[1836 1961]
[1836 1962]
[1836 1963]
[1836 1964]
[1836 1965]
[1836 1966]
[1836 1967]
[1836 1968]
[1836 1969]
[1836 2073]
[1836 2074]
[1836 2075]
[1837 1921]
[1837 1922]
[1837 1923]
[1837 1924]
[1837 1948]
[1837 1949]
[1837 1950]
[1837 1951]
[1837 1952]
[1837 1953]
[1837 1954]
[1837 1955]
[1837 1956]
[1837 1957]
[1837 1958]
[1837 1962]
[1837 1963]
[1837 1964]
[1837 1965]
[1837 1966]
[1837 1967]
[1837 1968]
[1837 1969]
[1837 1970]
[1837 1971]
[1837 1972]
[1837 1973]
[1837 2073]
[1837 2074]
[1837 2075]
[1838 1920]
[1838 1922]
[1838 1924]
[1838 1925]
[1838 1926]
[1838 1928]
[1838 1955]
[1838 1956]
[1838 1957]
[1838 1958]
[1838 1959]
[1838 1960]
[1838 1961]
[1838 1966]
[1838 1967]
[1838 1968]
[1838 1969]
[1838 1970]
[1838 1971]
[1838 1972]
[1838 1973]
[1838 1974]
[1838 1975]
[1838 1976]
[1838 1977]
[1838 1978]
[1838 2072]
[1838 2073]
[1838 2074]
[1838 2075]
[1839 1920]
[1839 1921]
[1839 1924]
[1839 1929]
[1839 1931]
[1839 1932]
[1839 1933]
[1839 1962]
[1839 1963]
[1839 1964]
[1839 1965]
[1839 1966]
[1839 1967]
[1839 1968]
[1839 1970]
[1839 1971]
[1839 1972]
[1839 1973]
[1839 1974]
[1839 1975]
[1839 1976]
[1839 1977]
[1839 1978]
[1839 1979]
[1839 1980]
[1839 1981]
[1839 1982]
[1839 1983]
[1839 2072]
[1839 2073]
[1839 2074]
[1839 2075]
[1840 1919]
[1840 1920]
[1840 1921]
[1840 1923]
[1840 1924]
[1840 1925]
[1840 1926]
[1840 1935]
[1840 1936]
[1840 1937]
[1840 1938]
[1840 1968]
[1840 1969]
[1840 1970]
[1840 1971]
[1840 1972]
[1840 1973]
[1840 1974]
[1840 1975]
[1840 1976]
[1840 1977]
[1840 1978]
[1840 1979]
[1840 1980]
[1840 1981]
[1840 1982]
[1840 1983]
[1840 1984]
[1840 1985]
[1840 1986]
[1840 1987]
[1840 2072]
[1840 2073]
[1840 2074]
[1840 2075]
[1841 1919]
[1841 1921]
[1841 1923]
[1841 1926]
[1841 1927]
[1841 1928]
[1841 1929]
[1841 1930]
[1841 1931]
[1841 1932]
[1841 1939]
[1841 1940]
[1841 1941]
[1841 1942]
[1841 1943]
[1841 1944]
[1841 1975]
[1841 1976]
[1841 1977]
[1841 1978]
[1841 1979]
[1841 1980]
[1841 1981]
[1841 1982]
[1841 1983]
[1841 1984]
[1841 1985]
[1841 1986]
[1841 1987]
[1841 1988]
[1841 1989]
[1841 1990]
[1841 1991]
[1841 1992]
[1841 2072]
[1841 2073]
[1841 2074]
[1842 1918]
[1842 1920]
[1842 1921]
[1842 1922]
[1842 1923]
[1842 1924]
[1842 1925]
[1842 1926]
[1842 1927]
[1842 1928]
[1842 1929]
[1842 1930]
[1842 1931]
[1842 1932]
[1842 1933]
[1842 1934]
[1842 1935]
[1842 1936]
[1842 1937]
[1842 1945]
[1842 1946]
[1842 1947]
[1842 1948]
[1842 1949]
[1842 1950]
[1842 1981]
[1842 1982]
[1842 1983]
[1842 1984]
[1842 1985]
[1842 1986]
[1842 1987]
[1842 1988]
[1842 1989]
[1842 1990]
[1842 1991]
[1842 1992]
[1842 1993]
[1842 1994]
[1842 1995]
[1842 1996]
[1842 1997]
[1842 1998]
[1842 1999]
[1842 2071]
[1842 2072]
[1842 2073]
[1842 2074]
[1843 1920]
[1843 1926]
[1843 1927]
[1843 1928]
[1843 1929]
[1843 1930]
[1843 1931]
[1843 1932]
[1843 1933]
[1843 1934]
[1843 1935]
[1843 1936]
[1843 1937]
[1843 1938]
[1843 1939]
[1843 1940]
[1843 1941]
[1843 1942]
[1843 1943]
[1843 1944]
[1843 1945]
[1843 1946]
[1843 1947]
[1843 1948]
[1843 1949]
[1843 1950]
[1843 1951]
[1843 1952]
[1843 1953]
[1843 1954]
[1843 1955]
[1843 1956]
[1843 1984]
[1843 1985]
[1843 1986]
[1843 1987]
[1843 1989]
[1843 1990]
[1843 1991]
[1843 1992]
[1843 1993]
[1843 1994]
[1843 1995]
[1843 1996]
[1843 1997]
[1843 1998]
[1843 1999]
[1843 2000]
[1843 2071]
[1843 2072]
[1843 2073]
[1843 2074]
[1844 1920]
[1844 1941]
[1844 1942]
[1844 1944]
[1844 1945]
[1844 1946]
[1844 1947]
[1844 1948]
[1844 1949]
[1844 1950]
[1844 1951]
[1844 1952]
[1844 1953]
[1844 1954]
[1844 1955]
[1844 1956]
[1844 1957]
[1844 1958]
[1844 1959]
[1844 1960]
[1844 1961]
[1844 1962]
[1844 1987]
[1844 1988]
[1844 1989]
[1844 1991]
[1844 1993]
[1844 1994]
[1844 1995]
[1844 1996]
[1844 1997]
[1844 1998]
[1844 1999]
[1844 2000]
[1844 2071]
[1844 2072]
[1844 2073]
[1844 2074]
[1845 1949]
[1845 1950]
[1845 1951]
[1845 1952]
[1845 1953]
[1845 1954]
[1845 1955]
[1845 1956]
[1845 1957]
[1845 1958]
[1845 1959]
[1845 1960]
[1845 1961]
[1845 1962]
[1845 1963]
[1845 1964]
[1845 1965]
[1845 1966]
[1845 1967]
[1845 1968]
[1845 1969]
[1845 1970]
[1845 1971]
[1845 1991]
[1845 1993]
[1845 1996]
[1845 1997]
[1845 1998]
[1845 1999]
[1845 2000]
[1845 2071]
[1845 2072]
[1845 2073]
[1845 2074]
[1846 1960]
[1846 1961]
[1846 1962]
[1846 1963]
[1846 1964]
[1846 1965]
[1846 1966]
[1846 1967]
[1846 1968]
[1846 1969]
[1846 1970]
[1846 1971]
[1846 1972]
[1846 1973]
[1846 1974]
[1846 1975]
[1846 1976]
[1846 1977]
[1846 1978]
[1846 1979]
[1846 1980]
[1846 1981]
[1846 1982]
[1846 1983]
[1846 1984]
[1846 1985]
[1846 1986]
[1846 1987]
[1846 1988]
[1846 1989]
[1846 1994]
[1846 1995]
[1846 1996]
[1846 1997]
[1846 1998]
[1846 1999]
[1846 2070]
[1846 2071]
[1846 2072]
[1846 2073]
[1846 2074]
[1847 1969]
[1847 1970]
[1847 1971]
[1847 1972]
[1847 1973]
[1847 1974]
[1847 1975]
[1847 1976]
[1847 1977]
[1847 1978]
[1847 1979]
[1847 1980]
[1847 1981]
[1847 1982]
[1847 1983]
[1847 1984]
[1847 1985]
[1847 1986]
[1847 1987]
[1847 1988]
[1847 1989]
[1847 1990]
[1847 1991]
[1847 1992]
[1847 1993]
[1847 1994]
[1847 1995]
[1847 1996]
[1847 1997]
[1847 1998]
[1847 2070]
[1847 2071]
[1847 2073]
[1847 2074]
[1848 1978]
[1848 1979]
[1848 1980]
[1848 1981]
[1848 1982]
[1848 1983]
[1848 1984]
[1848 1985]
[1848 1986]
[1848 1987]
[1848 1988]
[1848 1989]
[1848 1990]
[1848 1991]
[1848 1992]
[1848 1993]
[1848 1994]
[1848 1995]
[1848 1996]
[1848 1997]
[1848 1998]
[1848 2070]
[1848 2071]
[1848 2073]
[1849 1986]
[1849 1987]
[1849 1988]
[1849 1989]
[1849 1990]
[1849 1993]
[1849 1995]
[1849 1997]
[1849 1998]
[1849 2070]
[1849 2071]
[1849 2072]
[1849 2073]
[1850 1992]
[1850 1993]
[1850 1994]
[1850 1995]
[1850 1996]
[1850 1997]
[1850 2069]
[1850 2070]
[1850 2071]
[1850 2072]
[1850 2073]
[1851 1915]
[1851 1919]
[1851 1994]
[1851 2069]
[1851 2070]
[1851 2071]
[1851 2072]
[1851 2073]
[1852 1919]
[1852 2069]
[1852 2070]
[1852 2072]
[1852 2073]
[1853 1919]
[1853 2068]
[1853 2069]
[1853 2070]
[1853 2072]
[1853 2073]
[1854 1919]
[1854 2068]
[1854 2069]
[1854 2070]
[1854 2071]
[1854 2072]
[1855 1919]
[1855 2068]
[1855 2069]
[1855 2070]
[1855 2073]
[1856 1913]
[1856 2068]
[1856 2069]
[1856 2070]
[1857 2068]
[1857 2069]
[1857 2070]
[1857 2071]
[1857 2072]
[1858 1918]
[1858 2068]
[1858 2069]
[1858 2070]
[1858 2071]
[1858 2072]
[1858 2073]
[1858 2074]
[1858 2075]
[1858 2076]
[1858 2077]
[1859 2068]
[1859 2069]
[1859 2072]
[1859 2073]
[1859 2074]
[1859 2075]
[1859 2076]
[1859 2077]
[1859 2078]
[1859 2079]
[1859 2080]
[1859 2081]
[1859 2084]
[1859 2085]
[1859 2086]
[1860 2071]
[1860 2072]
[1860 2073]
[1860 2074]
[1860 2077]
[1860 2078]
[1860 2079]
[1860 2080]
[1860 2081]
[1860 2082]
[1860 2083]
[1860 2084]
[1860 2085]
[1860 2086]
[1860 2087]
[1860 2088]
[1860 2089]
[1861 1917]
[1861 2081]
[1861 2082]
[1861 2083]
[1861 2084]
[1861 2085]
[1861 2086]
[1861 2087]
[1861 2088]
[1861 2089]
[1861 2090]
[1861 2091]
[1861 2092]
[1862 1917]
[1862 2085]
[1862 2086]
[1862 2087]
[1862 2088]
[1862 2089]
[1862 2090]
[1862 2091]
[1862 2092]
[1862 2093]
[1862 2094]
[1862 2095]
[1862 2096]
[1863 1917]
[1863 2090]
[1863 2091]
[1863 2092]
[1863 2093]
[1863 2094]
[1863 2095]
[1863 2096]
[1863 2097]
[1863 2098]
[1863 2099]
[1863 2100]
[1863 2101]
[1864 2095]
[1864 2096]
[1864 2097]
[1864 2098]
[1864 2099]
[1864 2100]
[1864 2101]
[1864 2102]
[1864 2103]
[1864 2104]
[1864 2105]
[1864 2106]
[1864 2107]
[1865 2097]
[1865 2098]
[1865 2099]
[1865 2100]
[1865 2101]
[1865 2102]
[1865 2103]
[1865 2104]
[1865 2105]
[1865 2106]
[1865 2107]
[1865 2110]
[1865 2112]
[1866 1914]
[1866 1916]
[1866 2101]
[1866 2102]
[1866 2103]
[1866 2104]
[1866 2105]
[1866 2106]
[1866 2107]
[1866 2108]
[1866 2109]
[1866 2110]
[1866 2111]
[1866 2116]
[1867 1914]
[1867 1916]
[1867 2105]
[1867 2106]
[1867 2107]
[1867 2108]
[1867 2109]
[1867 2110]
[1867 2111]
[1867 2112]
[1867 2113]
[1867 2114]
[1867 2115]
[1867 2116]
[1867 2120]
[1867 2122]
[1868 1912]
[1868 1914]
[1868 1916]
[1868 2113]
[1868 2114]
[1868 2115]
[1868 2116]
[1868 2117]
[1868 2118]
[1868 2119]
[1868 2120]
[1868 2122]
[1868 2123]
[1868 2124]
[1868 2127]
[1869 1912]
[1869 1914]
[1869 2117]
[1869 2118]
[1869 2119]
[1869 2120]
[1869 2121]
[1869 2122]
[1869 2123]
[1869 2124]
[1869 2125]
[1869 2126]
[1869 2127]
[1869 2128]
[1870 1912]
[1870 1913]
[1870 1914]
[1870 2121]
[1870 2122]
[1870 2123]
[1870 2124]
[1870 2125]
[1870 2126]
[1870 2127]
[1870 2128]
[1870 2129]
[1870 2130]
[1870 2131]
[1870 2132]
[1870 2133]
[1871 1912]
[1871 1914]
[1871 2126]
[1871 2127]
[1871 2128]
[1871 2129]
[1871 2130]
[1871 2131]
[1871 2132]
[1871 2133]
[1871 2134]
[1871 2135]
[1871 2136]
[1871 2137]
[1871 2138]
[1872 1912]
[1872 1914]
[1872 2130]
[1872 2131]
[1872 2132]
[1872 2133]
[1872 2134]
[1872 2135]
[1872 2136]
[1872 2137]
[1872 2138]
[1872 2139]
[1872 2140]
[1872 2141]
[1872 2142]
[1873 1912]
[1873 1913]
[1873 2135]
[1873 2136]
[1873 2137]
[1873 2138]
[1873 2139]
[1873 2140]
[1873 2141]
[1873 2142]
[1873 2143]
[1873 2144]
[1874 1912]
[1874 1914]
[1874 2140]
[1874 2141]
[1874 2142]
[1874 2144]
[1874 2145]
[1874 2146]
[1875 1912]
[1875 1913]
[1875 1914]
[1875 2144]
[1875 2145]
[1875 2146]
[1875 2147]
[1876 1912]
[1876 1913]
[1876 2145]
[1876 2147]
[1876 2148]
[1877 1912]
[1877 1913]
[1877 2145]
[1877 2147]
[1877 2148]
[1877 2149]
[1878 1913]
[1878 2137]
[1878 2145]
[1878 2146]
[1878 2147]
[1878 2148]
[1878 2149]
[1879 1913]
[1879 1919]
[1879 2137]
[1879 2138]
[1879 2139]
[1879 2144]
[1879 2145]
[1879 2147]
[1879 2148]
[1880 1913]
[1880 1919]
[1880 1921]
[1880 2136]
[1880 2137]
[1880 2138]
[1880 2144]
[1880 2145]
[1880 2147]
[1880 2148]
[1880 2149]
[1881 1913]
[1881 1919]
[1881 1921]
[1881 1939]
[1881 1941]
[1881 2136]
[1881 2137]
[1881 2138]
[1881 2139]
[1881 2144]
[1881 2147]
[1882 1913]
[1882 1939]
[1882 2136]
[1882 2137]
[1882 2138]
[1882 2145]
[1882 2146]
[1882 2147]
[1883 1911]
[1883 1913]
[1883 2137]
[1883 2144]
[1883 2145]
[1883 2146]
[1884 1918]
[1884 2144]
[1884 2145]
[1884 2146]
[1885 1911]
[1885 2144]
[1885 2145]
[1885 2146]
[1885 2147]
[1886 1914]
[1886 2144]
[1886 2145]
[1886 2146]
[1886 2147]
[1887 2144]
[1887 2145]
[1887 2146]
[1887 2147]
[1888 1910]
[1888 2144]
[1888 2145]
[1888 2146]
[1889 1912]
[1889 2143]
[1889 2144]
[1889 2145]
[1889 2146]
[1890 2143]
[1890 2144]
[1890 2145]
[1890 2146]
[1891 2143]
[1891 2144]
[1891 2145]
[1891 2146]
[1892 1909]
[1892 2143]
[1892 2144]
[1892 2145]
[1893 2008]
[1893 2009]
[1893 2010]
[1893 2011]
[1893 2143]
[1893 2144]
[1893 2145]
[1893 2146]
[1894 2002]
[1894 2003]
[1894 2004]
[1894 2005]
[1894 2006]
[1894 2007]
[1894 2008]
[1894 2010]
[1894 2011]
[1894 2012]
[1894 2143]
[1894 2144]
[1894 2145]
[1894 2146]
[1895 1911]
[1895 1998]
[1895 1999]
[1895 2000]
[1895 2001]
[1895 2002]
[1895 2003]
[1895 2004]
[1895 2005]
[1895 2006]
[1895 2007]
[1895 2008]
[1895 2009]
[1895 2010]
[1895 2011]
[1895 2012]
[1895 2013]
[1895 2142]
[1895 2143]
[1895 2144]
[1895 2145]
[1895 2146]
[1896 1908]
[1896 1909]
[1896 1911]
[1896 1915]
[1896 1988]
[1896 1989]
[1896 1992]
[1896 1993]
[1896 1994]
[1896 1995]
[1896 1996]
[1896 1997]
[1896 1998]
[1896 1999]
[1896 2000]
[1896 2001]
[1896 2002]
[1896 2003]
[1896 2004]
[1896 2005]
[1896 2006]
[1896 2007]
[1896 2008]
[1896 2010]
[1896 2142]
[1896 2143]
[1896 2144]
[1896 2146]
[1897 1908]
[1897 1911]
[1897 1983]
[1897 1984]
[1897 1985]
[1897 1986]
[1897 1987]
[1897 1988]
[1897 1989]
[1897 1990]
[1897 1991]
[1897 1992]
[1897 1993]
[1897 1994]
[1897 1995]
[1897 1996]
[1897 1997]
[1897 1998]
[1897 1999]
[1897 2000]
[1897 2001]
[1897 2002]
[1897 2003]
[1897 2004]
[1897 2005]
[1897 2006]
[1897 2007]
[1897 2008]
[1897 2009]
[1897 2010]
[1897 2142]
[1897 2143]
[1897 2144]
[1898 1908]
[1898 1911]
[1898 1977]
[1898 1978]
[1898 1979]
[1898 1980]
[1898 1981]
[1898 1982]
[1898 1983]
[1898 1984]
[1898 1985]
[1898 1986]
[1898 1987]
[1898 1988]
[1898 1989]
[1898 1990]
[1898 1991]
[1898 1992]
[1898 1993]
[1898 1994]
[1898 1995]
[1898 1996]
[1898 1997]
[1898 1998]
[1898 2006]
[1898 2007]
[1898 2008]
[1898 2141]
[1898 2142]
[1898 2143]
[1898 2144]
[1898 2145]
[1899 1908]
[1899 1911]
[1899 1974]
[1899 1975]
[1899 1976]
[1899 1977]
[1899 1978]
[1899 1979]
[1899 1980]
[1899 1981]
[1899 1982]
[1899 1983]
[1899 1984]
[1899 1985]
[1899 1986]
[1899 1987]
[1899 1988]
[1899 1989]
[1899 1990]
[1899 1991]
[1899 1992]
[1899 1993]
[1899 1994]
[1899 2006]
[1899 2007]
[1899 2008]
[1899 2141]
[1899 2142]
[1899 2143]
[1899 2144]
[1899 2145]
[1900 1907]
[1900 1911]
[1900 1970]
[1900 1971]
[1900 1972]
[1900 1973]
[1900 1974]
[1900 1975]
[1900 1976]
[1900 1977]
[1900 1978]
[1900 1979]
[1900 1980]
[1900 1981]
[1900 1982]
[1900 1983]
[1900 1984]
[1900 1985]
[1900 1986]
[1900 1987]
[1900 1988]
[1900 1989]
[1900 2006]
[1900 2008]
[1900 2009]
[1900 2140]
[1900 2141]
[1900 2142]
[1900 2143]
[1901 1907]
[1901 1908]
[1901 1911]
[1901 1965]
[1901 1966]
[1901 1967]
[1901 1968]
[1901 1969]
[1901 1970]
[1901 1971]
[1901 1972]
[1901 1973]
[1901 1974]
[1901 1975]
[1901 1978]
[1901 1979]
[1901 1980]
[1901 1981]
[1901 1982]
[1901 1983]
[1901 1984]
[1901 2006]
[1901 2008]
[1901 2009]
[1901 2141]
[1901 2142]
[1901 2143]
[1901 2144]
[1902 1907]
[1902 1961]
[1902 1962]
[1902 1963]
[1902 1964]
[1902 1965]
[1902 1966]
[1902 1967]
[1902 1968]
[1902 1969]
[1902 1975]
[1902 1976]
[1902 1977]
[1902 1978]
[1902 1979]
[1902 2006]
[1902 2007]
[1902 2008]
[1902 2009]
[1902 2010]
[1902 2060]
[1902 2061]
[1902 2140]
[1902 2141]
[1902 2142]
[1902 2143]
[1902 2144]
[1903 1907]
[1903 1958]
[1903 1959]
[1903 1960]
[1903 1961]
[1903 1962]
[1903 1963]
[1903 1964]
[1903 1969]
[1903 1970]
[1903 1971]
[1903 1972]
[1903 1973]
[1903 1974]
[1903 1975]
[1903 1976]
[1903 1977]
[1903 1978]
[1903 2001]
[1903 2002]
[1903 2003]
[1903 2004]
[1903 2005]
[1903 2006]
[1903 2007]
[1903 2008]
[1903 2009]
[1903 2010]
[1903 2058]
[1903 2059]
[1903 2060]
[1903 2140]
[1903 2141]
[1903 2142]
[1903 2143]
[1903 2144]
[1904 1907]
[1904 1955]
[1904 1956]
[1904 1957]
[1904 1958]
[1904 1959]
[1904 1960]
[1904 1961]
[1904 1962]
[1904 1963]
[1904 1964]
[1904 1965]
[1904 1966]
[1904 1967]
[1904 1968]
[1904 1969]
[1904 1970]
[1904 1994]
[1904 1995]
[1904 1996]
[1904 1997]
[1904 1998]
[1904 1999]
[1904 2000]
[1904 2001]
[1904 2002]
[1904 2003]
[1904 2004]
[1904 2005]
[1904 2006]
[1904 2007]
[1904 2058]
[1904 2059]
[1904 2139]
[1904 2140]
[1904 2141]
[1904 2142]
[1904 2143]
[1904 2144]
[1905 1907]
[1905 1950]
[1905 1951]
[1905 1952]
[1905 1953]
[1905 1954]
[1905 1955]
[1905 1956]
[1905 1957]
[1905 1958]
[1905 1959]
[1905 1960]
[1905 1961]
[1905 1989]
[1905 1990]
[1905 1991]
[1905 1992]
[1905 1993]
[1905 1994]
[1905 1999]
[1905 2000]
[1905 2001]
[1905 2002]
[1905 2003]
[1905 2004]
[1905 2005]
[1905 2006]
[1905 2007]
[1905 2009]
[1905 2058]
[1905 2070]
[1905 2139]
[1905 2140]
[1905 2141]
[1905 2142]
[1905 2143]
[1906 1907]
[1906 1946]
[1906 1947]
[1906 1948]
[1906 1949]
[1906 1950]
[1906 1951]
[1906 1952]
[1906 1953]
[1906 1954]
[1906 1955]
[1906 1989]
[1906 1990]
[1906 1991]
[1906 1992]
[1906 1993]
[1906 1994]
[1906 1995]
[1906 1996]
[1906 1997]
[1906 1998]
[1906 1999]
[1906 2000]
[1906 2001]
[1906 2069]
[1906 2139]
[1906 2140]
[1906 2141]
[1906 2142]
[1906 2143]
[1907 1906]
[1907 1907]
[1907 1940]
[1907 1944]
[1907 1945]
[1907 1946]
[1907 1947]
[1907 1948]
[1907 1949]
[1907 1950]
[1907 1951]
[1907 1986]
[1907 1987]
[1907 1988]
[1907 1989]
[1907 1990]
[1907 1991]
[1907 1992]
[1907 1993]
[1907 1994]
[1907 1995]
[1907 1996]
[1907 2069]
[1907 2139]
[1907 2140]
[1907 2141]
[1907 2142]
[1907 2143]
[1907 2144]
[1908 1906]
[1908 1907]
[1908 1908]
[1908 1933]
[1908 1934]
[1908 1935]
[1908 1936]
[1908 1937]
[1908 1938]
[1908 1939]
[1908 1940]
[1908 1941]
[1908 1942]
[1908 1943]
[1908 1944]
[1908 1945]
[1908 1946]
[1908 1947]
[1908 1948]
[1908 1949]
[1908 1977]
[1908 1978]
[1908 1979]
[1908 1980]
[1908 1981]
[1908 1982]
[1908 1983]
[1908 1984]
[1908 1985]
[1908 1986]
[1908 1987]
[1908 1988]
[1908 2139]
[1908 2140]
[1908 2141]
[1908 2142]
[1908 2143]
[1909 1906]
[1909 1907]
[1909 1933]
[1909 1934]
[1909 1935]
[1909 1936]
[1909 1937]
[1909 1941]
[1909 1942]
[1909 1943]
[1909 1944]
[1909 1945]
[1909 1946]
[1909 1971]
[1909 1972]
[1909 1973]
[1909 1974]
[1909 1975]
[1909 1976]
[1909 1977]
[1909 1978]
[1909 1979]
[1909 1980]
[1909 1981]
[1909 1982]
[1909 1985]
[1909 1986]
[1909 1989]
[1909 2138]
[1909 2139]
[1909 2140]
[1909 2141]
[1909 2142]
[1909 2143]
[1910 1906]
[1910 1907]
[1910 1940]
[1910 1941]
[1910 1942]
[1910 1968]
[1910 1969]
[1910 1970]
[1910 1971]
[1910 1972]
[1910 1977]
[1910 1978]
[1910 1979]
[1910 1980]
[1910 1981]
[1910 1982]
[1910 1983]
[1910 1984]
[1910 2138]
[1910 2139]
[1910 2140]
[1910 2141]
[1910 2143]
[1911 1906]
[1911 1907]
[1911 1931]
[1911 1938]
[1911 1939]
[1911 1940]
[1911 1964]
[1911 1965]
[1911 1966]
[1911 1967]
[1911 1968]
[1911 1969]
[1911 1970]
[1911 1971]
[1911 1972]
[1911 1973]
[1911 1974]
[1911 1975]
[1911 1976]
[1911 1977]
[1911 1978]
[1911 2139]
[1911 2140]
[1911 2141]
[1911 2143]
[1912 1905]
[1912 1906]
[1912 1907]
[1912 1931]
[1912 1937]
[1912 1938]
[1912 1940]
[1912 1957]
[1912 1958]
[1912 1959]
[1912 1960]
[1912 1961]
[1912 1962]
[1912 1963]
[1912 1964]
[1912 1965]
[1912 1966]
[1912 1967]
[1912 1968]
[1912 1969]
[1912 1970]
[1912 1971]
[1912 1972]
[1912 1973]
[1912 2138]
[1912 2139]
[1912 2140]
[1912 2141]
[1912 2142]
[1913 1905]
[1913 1906]
[1913 1907]
[1913 1931]
[1913 1932]
[1913 1940]
[1913 1951]
[1913 1952]
[1913 1953]
[1913 1954]
[1913 1956]
[1913 1962]
[1913 1963]
[1913 1964]
[1913 1965]
[1913 1966]
[1913 2057]
[1913 2058]
[1913 2138]
[1913 2139]
[1913 2140]
[1913 2141]
[1913 2142]
[1914 1905]
[1914 1906]
[1914 1907]
[1914 1945]
[1914 1946]
[1914 1947]
[1914 1948]
[1914 1954]
[1914 1955]
[1914 1956]
[1914 1957]
[1914 1958]
[1914 1959]
[1914 1960]
[1914 1961]
[1914 1962]
[1914 1963]
[1914 2057]
[1914 2137]
[1914 2138]
[1914 2139]
[1914 2140]
[1914 2142]
[1915 1905]
[1915 1906]
[1915 1907]
[1915 1931]
[1915 1939]
[1915 1940]
[1915 1941]
[1915 1942]
[1915 1943]
[1915 1944]
[1915 1945]
[1915 1946]
[1915 1947]
[1915 1948]
[1915 1949]
[1915 1950]
[1915 1951]
[1915 1952]
[1915 1953]
[1915 1954]
[1915 1955]
[1915 1956]
[1915 1957]
[1915 1958]
[1915 1959]
[1915 2056]
[1915 2137]
[1915 2138]
[1915 2139]
[1915 2140]
[1915 2141]
[1915 2142]
[1916 1905]
[1916 1906]
[1916 1940]
[1916 1950]
[1916 1952]
[1916 1953]
[1916 1954]
[1916 1955]
[1916 1956]
[1916 1957]
[1916 2068]
[1916 2137]
[1916 2138]
[1916 2139]
[1916 2140]
[1916 2141]
[1917 1904]
[1917 1905]
[1917 1906]
[1917 1935]
[1917 1936]
[1917 1940]
[1917 1941]
[1917 1944]
[1917 1945]
[1917 1946]
[1917 1947]
[1917 1948]
[1917 1949]
[1917 1950]
[1917 1951]
[1917 1952]
[1917 1954]
[1917 1955]
[1917 1956]
[1917 2067]
[1917 2068]
[1917 2137]
[1917 2138]
[1917 2139]
[1917 2141]
[1918 1904]
[1918 1905]
[1918 1906]
[1918 1934]
[1918 1935]
[1918 1940]
[1918 1941]
[1918 1942]
[1918 1943]
[1918 1944]
[1918 1945]
[1918 1946]
[1918 1947]
[1918 1948]
[1918 1949]
[1918 1950]
[1918 1951]
[1918 1952]
[1918 2137]
[1918 2138]
[1918 2139]
[1918 2140]
[1918 2141]
[1919 1905]
[1919 1906]
[1919 1935]
[1919 1936]
[1919 1937]
[1919 1938]
[1919 1939]
[1919 1940]
[1919 1941]
[1919 1942]
[1919 1943]
[1919 1944]
[1919 1945]
[1919 1946]
[1919 1947]
[1919 2137]
[1919 2138]
[1919 2139]
[1919 2140]
[1920 1904]
[1920 1905]
[1920 1932]
[1920 1933]
[1920 1934]
[1920 1935]
[1920 1936]
[1920 2136]
[1920 2137]
[1920 2138]
[1920 2139]
[1920 2140]
[1921 1905]
[1921 1932]
[1921 1933]
[1921 1934]
[1921 1935]
[1921 2136]
[1921 2137]
[1921 2138]
[1921 2139]
[1921 2140]
[1922 1904]
[1922 1905]
[1922 2136]
[1922 2137]
[1922 2138]
[1922 2139]
[1922 2140]
[1923 1904]
[1923 1905]
[1923 2136]
[1923 2137]
[1923 2138]
[1923 2139]
[1924 1904]
[1924 1905]
[1924 2136]
[1924 2137]
[1924 2138]
[1924 2139]
[1925 1904]
[1925 1905]
[1925 2135]
[1925 2136]
[1925 2137]
[1925 2138]
[1925 2139]
[1926 1904]
[1926 1905]
[1926 2135]
[1926 2136]
[1926 2137]
[1926 2138]
[1926 2139]
[1927 1904]
[1927 1905]
[1927 2135]
[1927 2136]
[1927 2137]
[1927 2138]
[1928 1904]
[1928 1905]
[1928 2134]
[1928 2135]
[1928 2136]
[1928 2137]
[1928 2138]
[1929 1902]
[1929 1903]
[1929 1904]
[1929 1905]
[1929 2134]
[1929 2135]
[1929 2136]
[1929 2137]
[1929 2138]
[1930 1902]
[1930 1903]
[1930 1904]
[1930 1905]
[1930 2134]
[1930 2135]
[1930 2136]
[1930 2137]
[1931 1902]
[1931 1903]
[1931 1904]
[1931 1905]
[1931 2134]
[1931 2135]
[1931 2136]
[1931 2137]
[1932 1902]
[1932 1903]
[1932 1904]
[1932 2133]
[1932 2134]
[1932 2135]
[1932 2136]
[1932 2137]
[1933 1902]
[1933 1903]
[1933 1904]
[1933 2133]
[1933 2134]
[1933 2135]
[1933 2136]
[1933 2137]
[1934 1901]
[1934 1902]
[1934 1903]
[1934 1904]
[1934 2133]
[1934 2134]
[1934 2135]
[1934 2136]
[1935 1901]
[1935 1902]
[1935 1903]
[1935 1904]
[1935 2132]
[1935 2133]
[1935 2134]
[1935 2135]
[1935 2136]
[1936 1901]
[1936 1902]
[1936 1903]
[1936 1904]
[1936 2132]
[1936 2133]
[1936 2134]
[1936 2135]
[1936 2136]
[1937 1901]
[1937 1902]
[1937 1903]
[1937 1904]
[1937 2132]
[1937 2133]
[1937 2134]
[1937 2135]
[1937 2136]
[1938 1901]
[1938 1902]
[1938 1903]
[1938 1904]
[1938 2132]
[1938 2133]
[1938 2134]
[1938 2135]
[1939 1901]
[1939 1902]
[1939 1903]
[1939 2131]
[1939 2132]
[1939 2133]
[1939 2134]
[1939 2135]
[1940 1900]
[1940 1901]
[1940 1902]
[1940 1903]
[1940 2131]
[1940 2132]
[1940 2133]
[1940 2134]
[1940 2135]
[1941 1900]
[1941 1901]
[1941 1902]
[1941 1903]
[1941 2131]
[1941 2132]
[1941 2133]
[1941 2134]
[1941 2135]
[1942 1900]
[1942 1901]
[1942 1902]
[1942 1903]
[1942 2131]
[1942 2132]
[1942 2133]
[1942 2134]
[1942 2135]
[1943 1900]
[1943 1901]
[1943 1902]
[1943 1903]
[1943 2130]
[1943 2131]
[1943 2132]
[1943 2133]
[1943 2134]
[1944 1900]
[1944 1901]
[1944 1902]
[1944 2131]
[1944 2132]
[1944 2133]
[1944 2134]
[1945 1900]
[1945 1901]
[1945 1902]
[1945 2130]
[1945 2131]
[1945 2132]
[1945 2133]
[1945 2134]
[1945 2135]
[1946 1899]
[1946 1900]
[1946 1901]
[1946 1902]
[1946 2130]
[1946 2131]
[1946 2132]
[1946 2133]
[1946 2134]
[1946 2135]
[1947 1899]
[1947 1900]
[1947 1901]
[1947 1902]
[1947 2130]
[1947 2131]
[1947 2132]
[1947 2133]
[1947 2134]
[1948 1899]
[1948 1900]
[1948 1901]
[1948 1902]
[1948 2130]
[1948 2131]
[1948 2132]
[1948 2133]
[1948 2134]
[1949 1899]
[1949 1900]
[1949 1901]
[1949 1902]
[1949 2129]
[1949 2130]
[1949 2131]
[1949 2132]
[1949 2134]
[1950 1898]
[1950 1899]
[1950 1900]
[1950 1901]
[1950 1902]
[1950 2129]
[1950 2130]
[1950 2131]
[1950 2132]
[1950 2133]
[1951 1898]
[1951 1900]
[1951 1901]
[1951 1902]
[1951 2129]
[1951 2130]
[1951 2131]
[1951 2132]
[1951 2133]
[1952 1898]
[1952 1900]
[1952 1901]
[1952 1902]
[1952 1944]
[1952 1945]
[1952 2129]
[1952 2130]
[1952 2131]
[1952 2133]
[1953 1898]
[1953 1899]
[1953 1900]
[1953 1901]
[1953 1944]
[1953 1945]
[1953 1946]
[1953 1947]
[1953 2128]
[1953 2129]
[1953 2130]
[1953 2131]
[1953 2132]
[1953 2133]
[1954 1898]
[1954 1900]
[1954 1901]
[1954 1944]
[1954 1945]
[1954 1946]
[1954 1947]
[1954 1948]
[1954 1949]
[1954 1950]
[1954 1951]
[1954 1952]
[1954 1953]
[1954 1954]
[1954 2128]
[1954 2129]
[1954 2130]
[1954 2131]
[1954 2132]
[1955 1898]
[1955 1900]
[1955 1901]
[1955 1944]
[1955 1945]
[1955 1946]
[1955 1947]
[1955 1948]
[1955 1949]
[1955 1950]
[1955 1951]
[1955 1952]
[1955 1953]
[1955 1954]
[1955 1955]
[1955 1956]
[1955 1957]
[1955 1958]
[1955 1959]
[1955 1960]
[1955 1961]
[1955 2128]
[1955 2129]
[1955 2130]
[1955 2131]
[1955 2132]
[1956 1898]
[1956 1900]
[1956 1901]
[1956 1944]
[1956 1945]
[1956 1946]
[1956 1947]
[1956 1948]
[1956 1949]
[1956 1950]
[1956 1951]
[1956 1952]
[1956 1953]
[1956 1954]
[1956 1956]
[1956 1957]
[1956 1958]
[1956 1959]
[1956 1960]
[1956 1961]
[1956 1962]
[1956 1963]
[1956 1964]
[1956 1965]
[1956 1966]
[1956 1967]
[1956 1968]
[1956 1969]
[1956 2128]
[1956 2129]
[1956 2130]
[1956 2131]
[1957 1897]
[1957 1898]
[1957 1899]
[1957 1900]
[1957 1901]
[1957 1944]
[1957 1945]
[1957 1946]
[1957 1947]
[1957 1949]
[1957 1952]
[1957 1953]
[1957 1954]
[1957 1955]
[1957 1956]
[1957 1961]
[1957 1963]
[1957 1964]
[1957 1965]
[1957 1966]
[1957 1967]
[1957 1968]
[1957 1969]
[1957 1970]
[1957 1971]
[1957 1972]
[1957 1973]
[1957 1975]
[1957 1976]
[1957 1977]
[1957 2127]
[1957 2128]
[1957 2129]
[1957 2130]
[1957 2131]
[1958 1897]
[1958 1899]
[1958 1900]
[1958 1901]
[1958 1949]
[1958 1950]
[1958 1951]
[1958 1952]
[1958 1953]
[1958 1957]
[1958 1958]
[1958 1959]
[1958 1960]
[1958 1961]
[1958 1962]
[1958 1963]
[1958 1967]
[1958 1970]
[1958 1971]
[1958 1972]
[1958 1973]
[1958 1974]
[1958 1975]
[1958 1976]
[1958 1977]
[1958 1978]
[1958 1979]
[1958 1980]
[1958 1981]
[1958 1982]
[1958 1984]
[1958 1985]
[1958 2127]
[1958 2128]
[1958 2129]
[1958 2130]
[1958 2131]
[1959 1897]
[1959 1898]
[1959 1899]
[1959 1900]
[1959 1901]
[1959 1954]
[1959 1955]
[1959 1956]
[1959 1957]
[1959 1958]
[1959 1959]
[1959 1963]
[1959 1964]
[1959 1965]
[1959 1966]
[1959 1967]
[1959 1968]
[1959 1969]
[1959 1970]
[1959 1971]
[1959 1972]
[1959 1973]
[1959 1974]
[1959 1975]
[1959 1976]
[1959 1977]
[1959 1978]
[1959 1979]
[1959 1980]
[1959 1981]
[1959 1982]
[1959 1983]
[1959 1984]
[1959 1985]
[1959 1986]
[1959 1987]
[1959 1988]
[1959 1989]
[1959 1990]
[1959 1991]
[1959 1992]
[1959 1993]
[1959 1994]
[1959 1996]
[1959 2127]
[1959 2128]
[1959 2129]
[1959 2130]
[1960 1897]
[1960 1898]
[1960 1899]
[1960 1900]
[1960 1960]
[1960 1961]
[1960 1962]
[1960 1963]
[1960 1964]
[1960 1965]
[1960 1966]
[1960 1967]
[1960 1968]
[1960 1969]
[1960 1975]
[1960 1976]
[1960 1977]
[1960 1978]
[1960 1979]
[1960 1980]
[1960 1981]
[1960 1982]
[1960 1983]
[1960 1984]
[1960 1985]
[1960 1986]
[1960 1987]
[1960 1988]
[1960 1989]
[1960 1990]
[1960 1991]
[1960 1992]
[1960 1993]
[1960 1994]
[1960 1995]
[1960 1996]
[1960 1997]
[1960 1998]
[1960 1999]
[1960 2000]
[1960 2127]
[1960 2128]
[1960 2129]
[1960 2130]
[1961 1897]
[1961 1899]
[1961 1900]
[1961 1970]
[1961 1971]
[1961 1972]
[1961 1973]
[1961 1974]
[1961 1975]
[1961 1976]
[1961 1977]
[1961 1981]
[1961 1982]
[1961 1983]
[1961 1984]
[1961 1985]
[1961 1986]
[1961 1987]
[1961 1988]
[1961 1989]
[1961 1990]
[1961 1991]
[1961 1992]
[1961 1993]
[1961 1994]
[1961 1995]
[1961 1996]
[1961 1997]
[1961 1998]
[1961 1999]
[1961 2000]
[1961 2001]
[1961 2004]
[1961 2005]
[1961 2126]
[1961 2127]
[1961 2128]
[1961 2129]
[1961 2130]
[1962 1897]
[1962 1898]
[1962 1899]
[1962 1900]
[1962 1990]
[1962 1991]
[1962 1993]
[1962 1994]
[1962 1995]
[1962 1996]
[1962 1997]
[1962 1998]
[1962 1999]
[1962 2000]
[1962 2001]
[1962 2002]
[1962 2003]
[1962 2004]
[1962 2006]
[1962 2007]
[1962 2008]
[1962 2009]
[1962 2010]
[1962 2011]
[1962 2012]
[1962 2126]
[1962 2127]
[1962 2128]
[1962 2129]
[1963 1898]
[1963 1899]
[1963 1900]
[1963 1989]
[1963 1997]
[1963 1998]
[1963 1999]
[1963 2000]
[1963 2001]
[1963 2002]
[1963 2003]
[1963 2004]
[1963 2005]
[1963 2006]
[1963 2007]
[1963 2008]
[1963 2009]
[1963 2014]
[1963 2015]
[1963 2016]
[1963 2022]
[1963 2023]
[1963 2024]
[1963 2025]
[1963 2028]
[1963 2029]
[1963 2030]
[1963 2031]
[1963 2126]
[1963 2127]
[1963 2128]
[1963 2129]
[1964 1898]
[1964 1899]
[1964 1900]
[1964 2005]
[1964 2006]
[1964 2007]
[1964 2010]
[1964 2011]
[1964 2012]
[1964 2013]
[1964 2014]
[1964 2015]
[1964 2016]
[1964 2017]
[1964 2019]
[1964 2020]
[1964 2021]
[1964 2033]
[1964 2035]
[1964 2036]
[1964 2126]
[1964 2127]
[1964 2128]
[1964 2129]
[1965 1896]
[1965 1897]
[1965 1898]
[1965 1899]
[1965 1900]
[1965 2017]
[1965 2018]
[1965 2019]
[1965 2020]
[1965 2021]
[1965 2022]
[1965 2023]
[1965 2024]
[1965 2125]
[1965 2126]
[1965 2127]
[1965 2128]
[1965 2129]
[1966 1896]
[1966 1897]
[1966 1898]
[1966 1899]
[1966 1900]
[1966 2024]
[1966 2025]
[1966 2026]
[1966 2027]
[1966 2028]
[1966 2029]
[1966 2030]
[1966 2033]
[1966 2036]
[1966 2037]
[1966 2039]
[1966 2040]
[1966 2041]
[1966 2042]
[1966 2043]
[1966 2125]
[1966 2126]
[1966 2127]
[1966 2128]
[1966 2129]
[1967 1896]
[1967 1898]
[1967 1899]
[1967 1900]
[1967 2030]
[1967 2031]
[1967 2032]
[1967 2033]
[1967 2034]
[1967 2035]
[1967 2036]
[1967 2037]
[1967 2038]
[1967 2039]
[1967 2040]
[1967 2041]
[1967 2042]
[1967 2043]
[1967 2044]
[1967 2045]
[1967 2046]
[1967 2047]
[1967 2125]
[1967 2126]
[1967 2127]
[1967 2128]
[1968 1896]
[1968 1897]
[1968 1898]
[1968 1899]
[1968 2034]
[1968 2035]
[1968 2036]
[1968 2037]
[1968 2038]
[1968 2039]
[1968 2040]
[1968 2041]
[1968 2042]
[1968 2043]
[1968 2044]
[1968 2045]
[1968 2046]
[1968 2047]
[1968 2048]
[1968 2049]
[1968 2050]
[1968 2051]
[1968 2052]
[1968 2053]
[1968 2124]
[1968 2125]
[1968 2126]
[1968 2127]
[1968 2128]
[1969 1896]
[1969 1897]
[1969 1898]
[1969 1899]
[1969 2041]
[1969 2042]
[1969 2043]
[1969 2044]
[1969 2045]
[1969 2046]
[1969 2047]
[1969 2048]
[1969 2049]
[1969 2050]
[1969 2051]
[1969 2052]
[1969 2053]
[1969 2054]
[1969 2055]
[1969 2056]
[1969 2057]
[1969 2058]
[1969 2124]
[1969 2125]
[1969 2126]
[1969 2127]
[1969 2128]
[1970 1897]
[1970 1898]
[1970 1899]
[1970 2045]
[1970 2046]
[1970 2047]
[1970 2048]
[1970 2049]
[1970 2050]
[1970 2051]
[1970 2052]
[1970 2053]
[1970 2054]
[1970 2055]
[1970 2056]
[1970 2057]
[1970 2058]
[1970 2059]
[1970 2060]
[1970 2061]
[1970 2062]
[1970 2063]
[1970 2124]
[1970 2125]
[1970 2126]
[1970 2127]
[1971 1897]
[1971 1898]
[1971 1899]
[1971 2050]
[1971 2051]
[1971 2052]
[1971 2053]
[1971 2054]
[1971 2055]
[1971 2056]
[1971 2057]
[1971 2058]
[1971 2059]
[1971 2060]
[1971 2061]
[1971 2062]
[1971 2063]
[1971 2064]
[1971 2065]
[1971 2066]
[1971 2067]
[1971 2068]
[1971 2069]
[1971 2123]
[1971 2124]
[1971 2125]
[1971 2126]
[1971 2127]
[1972 1895]
[1972 1896]
[1972 1897]
[1972 1898]
[1972 2056]
[1972 2057]
[1972 2058]
[1972 2059]
[1972 2060]
[1972 2061]
[1972 2062]
[1972 2063]
[1972 2064]
[1972 2065]
[1972 2066]
[1972 2067]
[1972 2068]
[1972 2069]
[1972 2070]
[1972 2071]
[1972 2072]
[1972 2073]
[1972 2074]
[1972 2123]
[1972 2124]
[1972 2125]
[1972 2126]
[1972 2127]
[1973 1895]
[1973 1896]
[1973 1897]
[1973 1898]
[1973 2062]
[1973 2063]
[1973 2064]
[1973 2065]
[1973 2066]
[1973 2067]
[1973 2068]
[1973 2069]
[1973 2070]
[1973 2071]
[1973 2072]
[1973 2073]
[1973 2074]
[1973 2075]
[1973 2076]
[1973 2077]
[1973 2123]
[1973 2124]
[1973 2125]
[1973 2126]
[1974 1895]
[1974 1896]
[1974 1897]
[1974 1898]
[1974 2066]
[1974 2067]
[1974 2068]
[1974 2069]
[1974 2070]
[1974 2071]
[1974 2072]
[1974 2073]
[1974 2074]
[1974 2075]
[1974 2076]
[1974 2077]
[1974 2078]
[1974 2079]
[1974 2080]
[1974 2081]
[1974 2082]
[1974 2083]
[1974 2123]
[1974 2124]
[1974 2125]
[1974 2126]
[1975 1896]
[1975 1897]
[1975 1898]
[1975 2072]
[1975 2073]
[1975 2074]
[1975 2075]
[1975 2076]
[1975 2077]
[1975 2078]
[1975 2079]
[1975 2080]
[1975 2081]
[1975 2082]
[1975 2083]
[1975 2084]
[1975 2085]
[1975 2086]
[1975 2122]
[1975 2123]
[1975 2124]
[1975 2125]
[1975 2126]
[1976 1896]
[1976 1897]
[1976 2075]
[1976 2076]
[1976 2077]
[1976 2078]
[1976 2079]
[1976 2080]
[1976 2081]
[1976 2082]
[1976 2083]
[1976 2084]
[1976 2085]
[1976 2122]
[1976 2123]
[1976 2124]
[1976 2125]
[1976 2126]
[1977 1896]
[1977 1897]
[1977 2078]
[1977 2079]
[1977 2080]
[1977 2081]
[1977 2082]
[1977 2083]
[1977 2084]
[1977 2085]
[1977 2122]
[1977 2123]
[1977 2124]
[1977 2125]
[1978 1896]
[1978 1897]
[1978 2083]
[1978 2084]
[1978 2085]
[1978 2122]
[1978 2123]
[1978 2124]
[1978 2125]
[1979 1895]
[1979 1896]
[1979 1897]
[1979 2084]
[1979 2121]
[1979 2122]
[1979 2123]
[1979 2124]
[1979 2125]
[1980 1895]
[1980 1896]
[1980 1897]
[1980 2121]
[1980 2122]
[1980 2123]
[1980 2124]
[1981 1895]
[1981 1896]
[1981 1897]
[1981 2121]
[1981 2122]
[1981 2123]
[1981 2124]
[1982 1895]
[1982 1896]
[1982 2121]
[1982 2122]
[1982 2123]
[1982 2124]
[1983 1895]
[1983 1896]
[1983 2121]
[1983 2122]
[1983 2123]
[1984 1894]
[1984 1895]
[1984 1896]
[1984 2120]
[1984 2121]
[1984 2122]
[1984 2123]
[1985 1894]
[1985 1895]
[1985 1896]
[1985 2121]
[1985 2122]
[1985 2123]
[1986 1894]
[1986 1895]
[1986 1896]
[1986 2121]
[1986 2122]
[1987 1894]
[1987 1895]
[1987 2121]
[1987 2122]
[1988 1894]
[1988 1895]
[1988 2119]
[1988 2121]
[1988 2122]
[1989 1893]
[1989 1894]
[1989 1895]
[1989 2120]
[1989 2121]
[1989 2122]
[1990 1893]
[1990 1894]
[1990 1895]
[1990 2119]
[1990 2120]
[1990 2121]
[1991 1893]
[1991 1894]
[1991 1895]
[1991 2118]
[1991 2120]
[1991 2121]
[1992 1893]
[1992 1894]
[1992 1895]
[1992 2118]
[1992 2119]
[1992 2120]
[1992 2121]
[1993 1893]
[1993 1894]
[1993 2119]
[1993 2120]
[1993 2121]
[1994 1892]
[1994 1893]
[1994 1894]
[1994 2119]
[1994 2120]
[1994 2121]
[1995 1892]
[1995 1893]
[1995 1894]
[1995 2119]
[1995 2120]
[1996 1892]
[1996 1893]
[1996 1894]
[1996 2117]
[1996 2118]
[1996 2119]
[1996 2120]
[1997 1892]
[1997 1893]
[1997 1894]
[1997 2116]
[1997 2118]
[1997 2119]
[1997 2120]
[1998 1892]
[1998 1893]
[1998 1894]
[1998 2116]
[1998 2118]
[1998 2119]
[1998 2120]
[1999 1891]
[1999 1892]
[1999 1893]
[1999 1894]
[1999 2116]
[1999 2117]
[1999 2118]
[1999 2119]
[1999 2120]
[2000 1892]
[2000 1893]
[2000 1894]
[2000 1899]
[2000 1900]
[2000 1901]
[2000 1902]
[2000 1903]
[2000 2115]
[2000 2117]
[2000 2118]
[2000 2119]
[2001 1891]
[2001 1893]
[2001 1894]
[2001 1897]
[2001 1898]
[2001 1899]
[2001 1901]
[2001 1902]
[2001 1903]
[2001 1904]
[2001 1905]
[2001 1906]
[2001 1907]
[2001 2041]
[2001 2115]
[2001 2116]
[2001 2117]
[2001 2118]
[2001 2119]
[2002 1891]
[2002 1893]
[2002 1904]
[2002 1905]
[2002 1906]
[2002 1907]
[2002 1908]
[2002 1909]
[2002 1910]
[2002 1911]
[2002 2035]
[2002 2040]
[2002 2115]
[2002 2116]
[2002 2117]
[2002 2119]
[2002 2122]
[2003 1891]
[2003 1893]
[2003 1904]
[2003 1905]
[2003 1908]
[2003 1909]
[2003 1911]
[2003 1912]
[2003 1913]
[2003 1914]
[2003 1915]
[2003 2034]
[2003 2036]
[2003 2037]
[2003 2038]
[2003 2039]
[2003 2040]
[2003 2042]
[2003 2116]
[2003 2117]
[2003 2118]
[2003 2119]
[2003 2121]
[2003 2122]
[2004 1890]
[2004 1891]
[2004 1892]
[2004 1893]
[2004 1905]
[2004 1906]
[2004 1907]
[2004 1908]
[2004 1909]
[2004 1910]
[2004 1911]
[2004 1915]
[2004 1916]
[2004 1917]
[2004 1918]
[2004 1919]
[2004 1927]
[2004 1928]
[2004 1929]
[2004 1930]
[2004 1931]
[2004 2034]
[2004 2035]
[2004 2036]
[2004 2040]
[2004 2041]
[2004 2042]
[2004 2114]
[2004 2115]
[2004 2117]
[2004 2118]
[2005 1890]
[2005 1892]
[2005 1893]
[2005 1894]
[2005 1911]
[2005 1912]
[2005 1913]
[2005 1914]
[2005 1915]
[2005 1916]
[2005 1917]
[2005 1920]
[2005 1921]
[2005 1922]
[2005 1923]
[2005 1924]
[2005 1931]
[2005 1933]
[2005 2034]
[2005 2040]
[2005 2041]
[2005 2042]
[2005 2114]
[2005 2115]
[2005 2116]
[2005 2117]
[2005 2118]
[2005 2121]
[2006 1892]
[2006 1893]
[2006 1904]
[2006 1918]
[2006 1919]
[2006 1920]
[2006 1921]
[2006 1922]
[2006 1923]
[2006 1924]
[2006 1925]
[2006 1926]
[2006 1927]
[2006 1931]
[2006 2033]
[2006 2034]
[2006 2039]
[2006 2040]
[2006 2041]
[2006 2042]
[2006 2114]
[2006 2115]
[2006 2116]
[2006 2117]
[2006 2118]
[2006 2121]
[2007 1890]
[2007 1892]
[2007 1893]
[2007 1924]
[2007 1925]
[2007 1926]
[2007 1927]
[2007 1928]
[2007 1929]
[2007 1930]
[2007 1931]
[2007 1942]
[2007 2033]
[2007 2034]
[2007 2039]
[2007 2040]
[2007 2041]
[2007 2114]
[2007 2115]
[2007 2116]
[2007 2117]
[2007 2118]
[2007 2121]
[2008 1889]
[2008 1890]
[2008 1892]
[2008 1893]
[2008 1930]
[2008 1931]
[2008 1932]
[2008 1933]
[2008 1934]
[2008 1935]
[2008 1936]
[2008 1942]
[2008 2033]
[2008 2034]
[2008 2038]
[2008 2039]
[2008 2040]
[2008 2041]
[2008 2042]
[2008 2113]
[2008 2114]
[2008 2115]
[2008 2116]
[2008 2117]
[2008 2120]
[2008 2121]
[2009 1889]
[2009 1892]
[2009 1893]
[2009 1929]
[2009 1930]
[2009 1939]
[2009 1940]
[2009 1941]
[2009 1942]
[2009 2033]
[2009 2034]
[2009 2035]
[2009 2036]
[2009 2037]
[2009 2038]
[2009 2039]
[2009 2040]
[2009 2041]
[2009 2112]
[2009 2114]
[2009 2115]
[2009 2116]
[2009 2120]
[2010 1889]
[2010 1891]
[2010 1892]
[2010 1893]
[2010 1929]
[2010 1930]
[2010 1931]
[2010 1941]
[2010 2035]
[2010 2036]
[2010 2037]
[2010 2038]
[2010 2039]
[2010 2040]
[2010 2041]
[2010 2112]
[2010 2113]
[2010 2114]
[2010 2115]
[2010 2116]
[2010 2117]
[2010 2120]
[2011 1889]
[2011 1891]
[2011 1892]
[2011 1893]
[2011 1929]
[2011 1930]
[2011 1941]
[2011 2034]
[2011 2035]
[2011 2036]
[2011 2037]
[2011 2038]
[2011 2039]
[2011 2040]
[2011 2112]
[2011 2113]
[2011 2114]
[2011 2115]
[2011 2116]
[2011 2117]
[2011 2120]
[2012 1891]
[2012 1892]
[2012 1929]
[2012 1930]
[2012 1941]
[2012 2034]
[2012 2035]
[2012 2036]
[2012 2037]
[2012 2038]
[2012 2112]
[2012 2113]
[2012 2114]
[2012 2115]
[2012 2116]
[2012 2117]
[2012 2120]
[2013 1891]
[2013 1892]
[2013 1929]
[2013 1930]
[2013 1941]
[2013 2111]
[2013 2114]
[2013 2115]
[2013 2117]
[2013 2120]
[2014 1891]
[2014 1892]
[2014 1928]
[2014 1929]
[2014 1941]
[2014 2111]
[2014 2113]
[2014 2114]
[2014 2115]
[2014 2116]
[2014 2119]
[2014 2120]
[2015 1891]
[2015 1892]
[2015 1928]
[2015 1929]
[2015 1940]
[2015 2111]
[2015 2112]
[2015 2113]
[2015 2114]
[2015 2115]
[2015 2116]
[2015 2119]
[2016 1891]
[2016 1892]
[2016 1928]
[2016 1929]
[2016 1940]
[2016 2112]
[2016 2113]
[2016 2114]
[2016 2115]
[2016 2116]
[2016 2119]
[2017 1891]
[2017 1892]
[2017 1928]
[2017 1929]
[2017 1940]
[2017 2110]
[2017 2112]
[2017 2113]
[2017 2114]
[2017 2116]
[2017 2119]
[2018 1891]
[2018 1892]
[2018 1928]
[2018 1929]
[2018 1940]
[2018 2112]
[2018 2113]
[2018 2114]
[2018 2116]
[2018 2119]
[2019 1890]
[2019 1891]
[2019 1892]
[2019 1927]
[2019 1928]
[2019 1940]
[2019 2112]
[2019 2113]
[2019 2114]
[2019 2115]
[2019 2119]
[2020 1887]
[2020 1891]
[2020 1892]
[2020 1927]
[2020 1928]
[2020 1929]
[2020 2112]
[2020 2113]
[2020 2115]
[2020 2118]
[2021 1890]
[2021 1891]
[2021 1892]
[2021 1927]
[2021 1928]
[2021 1929]
[2021 1939]
[2021 2109]
[2021 2111]
[2021 2112]
[2021 2113]
[2021 2115]
[2022 1887]
[2022 1890]
[2022 1891]
[2022 1892]
[2022 1927]
[2022 1928]
[2022 1939]
[2022 2111]
[2022 2112]
[2022 2113]
[2022 2115]
[2023 1887]
[2023 1888]
[2023 1890]
[2023 1891]
[2023 1892]
[2023 1927]
[2023 1928]
[2023 1939]
[2023 2109]
[2023 2111]
[2023 2112]
[2023 2113]
[2023 2115]
[2024 1886]
[2024 1888]
[2024 1889]
[2024 1890]
[2024 1891]
[2024 1926]
[2024 1927]
[2024 2108]
[2024 2110]
[2024 2111]
[2024 2112]
[2024 2115]
[2025 1886]
[2025 1887]
[2025 1889]
[2025 1890]
[2025 1926]
[2025 1927]
[2025 2108]
[2025 2110]
[2025 2111]
[2025 2112]
[2026 1886]
[2026 1887]
[2026 1889]
[2026 1890]
[2026 1926]
[2026 1927]
[2026 1938]
[2026 2110]
[2026 2111]
[2026 2112]
[2027 1884]
[2027 1885]
[2027 1886]
[2027 1887]
[2027 1888]
[2027 1889]
[2027 1926]
[2027 1938]
[2027 2110]
[2027 2111]
[2027 2112]
[2028 1884]
[2028 1885]
[2028 1886]
[2028 1887]
[2028 1888]
[2028 1926]
[2028 2109]
[2028 2110]
[2028 2111]
[2029 1885]
[2029 1886]
[2029 1923]
[2029 1924]
[2029 1925]
[2029 1926]
[2029 2109]
[2029 2110]
[2029 2111]
[2030 1918]
[2030 1919]
[2030 1925]
[2030 1926]
[2030 1928]
[2030 2109]
[2030 2110]
[2030 2111]
[2031 1909]
[2031 1912]
[2031 1913]
[2031 1914]
[2031 1925]
[2031 1928]
[2031 1930]
[2031 2109]
[2031 2110]
[2031 2111]
[2032 1905]
[2032 1907]
[2032 1908]
[2032 1927]
[2032 1928]
[2032 2108]
[2032 2109]
[2032 2110]
[2033 1921]
[2033 1922]
[2033 1923]
[2033 1927]
[2033 1929]
[2033 1937]
[2033 2108]
[2033 2109]
[2033 2110]
[2034 1924]
[2034 1925]
[2034 1926]
[2034 1927]
[2034 1928]
[2034 1929]
[2034 2107]
[2034 2108]
[2034 2109]
[2034 2110]
[2035 1923]
[2035 1924]
[2035 1925]
[2035 1926]
[2035 1927]
[2035 1928]
[2035 1929]
[2035 2107]
[2035 2108]
[2035 2109]
[2035 2110]
[2036 1925]
[2036 1926]
[2036 1927]
[2036 1928]
[2036 2107]
[2036 2108]
[2036 2109]
[2037 1925]
[2037 1926]
[2037 1927]
[2037 1928]
[2037 1929]
[2037 1930]
[2037 1931]
[2037 1932]
[2037 1933]
[2037 1934]
[2037 1935]
[2037 2106]
[2037 2107]
[2037 2108]
[2037 2109]
[2038 1929]
[2038 1930]
[2038 1931]
[2038 1932]
[2038 1933]
[2038 1934]
[2038 1935]
[2038 1936]
[2038 1937]
[2038 1938]
[2038 1939]
[2038 1940]
[2038 2106]
[2038 2107]
[2038 2109]
[2039 1936]
[2039 1937]
[2039 1938]
[2039 1939]
[2039 1940]
[2039 1941]
[2039 1942]
[2039 1943]
[2039 1944]
[2039 1945]
[2039 1946]
[2039 2106]
[2039 2107]
[2039 2108]
[2039 2109]
[2040 1942]
[2040 1943]
[2040 1944]
[2040 1945]
[2040 1946]
[2040 1947]
[2040 1948]
[2040 1949]
[2040 1950]
[2040 1951]
[2040 1952]
[2040 2106]
[2040 2107]
[2040 2108]
[2041 1945]
[2041 1947]
[2041 1950]
[2041 1951]
[2041 1952]
[2041 1953]
[2041 1954]
[2041 1955]
[2041 1956]
[2041 1957]
[2041 1958]
[2041 2105]
[2041 2106]
[2041 2107]
[2041 2108]
[2042 1946]
[2042 1947]
[2042 1948]
[2042 1949]
[2042 1950]
[2042 1951]
[2042 1952]
[2042 1956]
[2042 1957]
[2042 1958]
[2042 1959]
[2042 1960]
[2042 1961]
[2042 1962]
[2042 1963]
[2042 2105]
[2042 2106]
[2042 2107]
[2042 2108]
[2043 1947]
[2043 1952]
[2043 1953]
[2043 1954]
[2043 1955]
[2043 1956]
[2043 1957]
[2043 1958]
[2043 1959]
[2043 1960]
[2043 1961]
[2043 1963]
[2043 1964]
[2043 1965]
[2043 1966]
[2043 1967]
[2043 1968]
[2043 1969]
[2043 1970]
[2043 2105]
[2043 2106]
[2043 2107]
[2044 1947]
[2044 1959]
[2044 1960]
[2044 1961]
[2044 1962]
[2044 1963]
[2044 1964]
[2044 1965]
[2044 1966]
[2044 1967]
[2044 1968]
[2044 1969]
[2044 1970]
[2044 1971]
[2044 1972]
[2044 1973]
[2044 1974]
[2044 1975]
[2044 1976]
[2044 2104]
[2044 2105]
[2044 2106]
[2044 2107]
[2045 1947]
[2045 1955]
[2045 1956]
[2045 1957]
[2045 1958]
[2045 1959]
[2045 1960]
[2045 1961]
[2045 1962]
[2045 1963]
[2045 1964]
[2045 1965]
[2045 1966]
[2045 1967]
[2045 1968]
[2045 1969]
[2045 1970]
[2045 1971]
[2045 1972]
[2045 1975]
[2045 1976]
[2045 1977]
[2045 1978]
[2045 1979]
[2045 1980]
[2045 1981]
[2045 1982]
[2045 1983]
[2045 2104]
[2045 2105]
[2045 2106]
[2045 2107]
[2046 1947]
[2046 1948]
[2046 1964]
[2046 1965]
[2046 1970]
[2046 1971]
[2046 1972]
[2046 1973]
[2046 1974]
[2046 1975]
[2046 1976]
[2046 1977]
[2046 1981]
[2046 1982]
[2046 1983]
[2046 1984]
[2046 1985]
[2046 1986]
[2046 1987]
[2046 1988]
[2046 1989]
[2046 2104]
[2046 2105]
[2046 2106]
[2046 2107]
[2047 1948]
[2047 1973]
[2047 1974]
[2047 1975]
[2047 1976]
[2047 1977]
[2047 1978]
[2047 1979]
[2047 1980]
[2047 1981]
[2047 1982]
[2047 1983]
[2047 1984]
[2047 1985]
[2047 1986]
[2047 1987]
[2047 1988]
[2047 1989]
[2047 1990]
[2047 1991]
[2047 1992]
[2047 1993]
[2047 1994]
[2047 1995]
[2047 1996]
[2047 2104]
[2047 2105]
[2047 2106]
[2048 1948]
[2048 1974]
[2048 1975]
[2048 1976]
[2048 1977]
[2048 1978]
[2048 1979]
[2048 1980]
[2048 1981]
[2048 1982]
[2048 1983]
[2048 1984]
[2048 1985]
[2048 1986]
[2048 1987]
[2048 1988]
[2048 1989]
[2048 1990]
[2048 1991]
[2048 1992]
[2048 1993]
[2048 1994]
[2048 1995]
[2048 1996]
[2048 1997]
[2048 1998]
[2048 1999]
[2048 2000]
[2048 2001]
[2048 2002]
[2048 2003]
[2048 2005]
[2048 2103]
[2048 2104]
[2048 2105]
[2048 2106]
[2049 1948]
[2049 1968]
[2049 1969]
[2049 1970]
[2049 1971]
[2049 1972]
[2049 1973]
[2049 1974]
[2049 1975]
[2049 1976]
[2049 1977]
[2049 1990]
[2049 1991]
[2049 1992]
[2049 1993]
[2049 1994]
[2049 1995]
[2049 1996]
[2049 1997]
[2049 1998]
[2049 1999]
[2049 2000]
[2049 2001]
[2049 2002]
[2049 2003]
[2049 2004]
[2049 2005]
[2049 2006]
[2049 2007]
[2049 2008]
[2049 2009]
[2049 2010]
[2049 2011]
[2049 2016]
[2049 2103]
[2049 2104]
[2049 2105]
[2049 2106]
[2050 1948]
[2050 1961]
[2050 1962]
[2050 1963]
[2050 1964]
[2050 1965]
[2050 1966]
[2050 1967]
[2050 1968]
[2050 1969]
[2050 1970]
[2050 1997]
[2050 1998]
[2050 1999]
[2050 2000]
[2050 2001]
[2050 2002]
[2050 2003]
[2050 2004]
[2050 2005]
[2050 2006]
[2050 2007]
[2050 2008]
[2050 2009]
[2050 2010]
[2050 2011]
[2050 2012]
[2050 2013]
[2050 2014]
[2050 2015]
[2050 2016]
[2050 2017]
[2050 2018]
[2050 2019]
[2050 2020]
[2050 2021]
[2050 2026]
[2050 2103]
[2050 2104]
[2050 2105]
[2051 1958]
[2051 1959]
[2051 1960]
[2051 1961]
[2051 1962]
[2051 1963]
[2051 1964]
[2051 2007]
[2051 2008]
[2051 2009]
[2051 2010]
[2051 2011]
[2051 2012]
[2051 2013]
[2051 2014]
[2051 2015]
[2051 2016]
[2051 2017]
[2051 2018]
[2051 2019]
[2051 2020]
[2051 2021]
[2051 2022]
[2051 2023]
[2051 2024]
[2051 2025]
[2051 2026]
[2051 2027]
[2051 2029]
[2051 2030]
[2051 2102]
[2051 2103]
[2051 2104]
[2051 2105]
[2052 1951]
[2052 1952]
[2052 1953]
[2052 1954]
[2052 1955]
[2052 1956]
[2052 1957]
[2052 2014]
[2052 2015]
[2052 2016]
[2052 2017]
[2052 2018]
[2052 2019]
[2052 2020]
[2052 2021]
[2052 2022]
[2052 2023]
[2052 2024]
[2052 2025]
[2052 2026]
[2052 2027]
[2052 2028]
[2052 2029]
[2052 2030]
[2052 2031]
[2052 2032]
[2052 2033]
[2052 2034]
[2052 2102]
[2052 2103]
[2052 2104]
[2052 2105]
[2053 1945]
[2053 1946]
[2053 1947]
[2053 1948]
[2053 1949]
[2053 1950]
[2053 1951]
[2053 2019]
[2053 2020]
[2053 2021]
[2053 2022]
[2053 2023]
[2053 2024]
[2053 2025]
[2053 2026]
[2053 2027]
[2053 2028]
[2053 2029]
[2053 2030]
[2053 2031]
[2053 2032]
[2053 2033]
[2053 2034]
[2053 2035]
[2053 2036]
[2053 2037]
[2053 2039]
[2053 2040]
[2053 2102]
[2053 2103]
[2053 2104]
[2053 2105]
[2054 2025]
[2054 2026]
[2054 2027]
[2054 2028]
[2054 2029]
[2054 2030]
[2054 2032]
[2054 2033]
[2054 2034]
[2054 2035]
[2054 2036]
[2054 2037]
[2054 2038]
[2054 2039]
[2054 2040]
[2054 2041]
[2054 2042]
[2054 2043]
[2054 2044]
[2054 2045]
[2054 2102]
[2054 2103]
[2054 2104]
[2055 2030]
[2055 2031]
[2055 2032]
[2055 2033]
[2055 2034]
[2055 2035]
[2055 2037]
[2055 2038]
[2055 2039]
[2055 2040]
[2055 2041]
[2055 2042]
[2055 2043]
[2055 2044]
[2055 2045]
[2055 2046]
[2055 2047]
[2055 2048]
[2055 2049]
[2055 2101]
[2055 2103]
[2055 2104]
[2056 2036]
[2056 2037]
[2056 2038]
[2056 2039]
[2056 2040]
[2056 2041]
[2056 2042]
[2056 2043]
[2056 2044]
[2056 2047]
[2056 2048]
[2056 2049]
[2056 2050]
[2056 2051]
[2056 2052]
[2056 2101]
[2056 2102]
[2056 2103]
[2056 2104]
[2057 2041]
[2057 2042]
[2057 2043]
[2057 2044]
[2057 2045]
[2057 2046]
[2057 2047]
[2057 2051]
[2057 2052]
[2057 2053]
[2057 2054]
[2057 2055]
[2057 2056]
[2057 2101]
[2057 2102]
[2057 2103]
[2057 2104]
[2058 2045]
[2058 2046]
[2058 2047]
[2058 2048]
[2058 2049]
[2058 2050]
[2058 2051]
[2058 2054]
[2058 2055]
[2058 2056]
[2058 2057]
[2058 2058]
[2058 2059]
[2058 2060]
[2058 2100]
[2058 2102]
[2058 2103]
[2059 2048]
[2059 2049]
[2059 2050]
[2059 2051]
[2059 2052]
[2059 2053]
[2059 2054]
[2059 2058]
[2059 2059]
[2059 2060]
[2059 2061]
[2059 2062]
[2059 2063]
[2059 2064]
[2059 2100]
[2059 2102]
[2059 2103]
[2060 2052]
[2060 2053]
[2060 2054]
[2060 2055]
[2060 2056]
[2060 2057]
[2060 2058]
[2060 2061]
[2060 2062]
[2060 2063]
[2060 2064]
[2060 2065]
[2060 2066]
[2060 2067]
[2060 2102]
[2060 2103]
[2061 2055]
[2061 2056]
[2061 2057]
[2061 2058]
[2061 2059]
[2061 2060]
[2061 2061]
[2061 2062]
[2061 2063]
[2061 2064]
[2061 2065]
[2061 2066]
[2061 2067]
[2061 2068]
[2061 2099]
[2061 2101]
[2061 2102]
[2061 2103]
[2062 2058]
[2062 2059]
[2062 2060]
[2062 2061]
[2062 2062]
[2062 2063]
[2062 2064]
[2062 2065]
[2062 2066]
[2062 2067]
[2062 2068]
[2062 2069]
[2062 2070]
[2062 2071]
[2062 2072]
[2062 2099]
[2062 2101]
[2062 2102]
[2063 2063]
[2063 2064]
[2063 2065]
[2063 2066]
[2063 2067]
[2063 2068]
[2063 2069]
[2063 2070]
[2063 2071]
[2063 2072]
[2063 2073]
[2063 2074]
[2063 2075]
[2063 2100]
[2063 2101]
[2063 2102]
[2064 2067]
[2064 2068]
[2064 2069]
[2064 2070]
[2064 2071]
[2064 2072]
[2064 2073]
[2064 2074]
[2064 2075]
[2064 2076]
[2064 2077]
[2064 2078]
[2064 2100]
[2064 2101]
[2064 2102]
[2065 2070]
[2065 2071]
[2065 2072]
[2065 2073]
[2065 2074]
[2065 2075]
[2065 2076]
[2065 2077]
[2065 2078]
[2065 2079]
[2065 2080]
[2065 2081]
[2065 2098]
[2065 2100]
[2065 2101]
[2065 2102]
[2066 2074]
[2066 2075]
[2066 2076]
[2066 2077]
[2066 2078]
[2066 2079]
[2066 2080]
[2066 2081]
[2066 2082]
[2066 2083]
[2066 2084]
[2066 2098]
[2066 2100]
[2066 2101]
[2067 2078]
[2067 2079]
[2067 2080]
[2067 2081]
[2067 2082]
[2067 2083]
[2067 2084]
[2067 2085]
[2067 2086]
[2067 2087]
[2067 2088]
[2067 2097]
[2067 2098]
[2067 2099]
[2067 2100]
[2067 2101]
[2068 2082]
[2068 2083]
[2068 2084]
[2068 2085]
[2068 2086]
[2068 2087]
[2068 2088]
[2068 2089]
[2068 2090]
[2068 2091]
[2068 2097]
[2068 2098]
[2068 2099]
[2068 2100]
[2068 2101]
[2069 2085]
[2069 2086]
[2069 2087]
[2069 2088]
[2069 2089]
[2069 2090]
[2069 2091]
[2069 2092]
[2069 2093]
[2069 2095]
[2069 2096]
[2069 2097]
[2069 2098]
[2069 2099]
[2069 2100]
[2070 2089]
[2070 2090]
[2070 2091]
[2070 2092]
[2070 2093]
[2070 2094]
[2070 2095]
[2070 2096]
[2070 2097]
[2070 2098]
[2070 2099]
[2070 2100]
[2071 2093]
[2071 2094]
[2071 2095]
[2071 2096]
[2071 2097]
[2071 2098]
